3236	0.14	0.0	0.86
8185	0.39	0.18	0.43
4804	0.09	0.06	0.85
12112	0.3	0.05	0.65
2721	0.52	0.23	0.25
8435	0.75	0.1	0.15
9041	0.04	0.29	0.67
5298	0.52	0.13	0.35
2588	0.35	0.51	0.14
11990	0.07	0.82	0.11
11995	0.07	0.83	0.1
1998	0.68	0.1	0.22
15147	0.5	0.15	0.35
2756	0.71	0.12	0.17
5194	0.31	0.6	0.09
14372	0.49	0.065	0.445
4607	0.66	0.08	0.26
5660	0.13	0.11	0.76
2090	0.22	0.11	0.67
9204	0.07	0.07	0.86
9593	0.32	0.04	0.64
12945	0.03	0.7555	0.2145
4715	0.01	0.01	0.98
950	0.38	0.18	0.44
196	0.4	0.41	0.19
3933	0.02	0.02	0.96
14805	0.81	0.12	0.07
1511	0.84	0.06	0.1
778	0.37	0.48	0.15
6620	0.14	0.16	0.7
12952	0.29	0.59	0.12
10409	0.79	0.05	0.16
14955	0.65	0.28	0.07
13643	0.13	0.1675	0.7025
711	0.23	0.67	0.1
6843	0.39	0.17	0.44
4287	0.0	0.19	0.81
1336	0.39	0.29	0.32
11599	0.64	0.11	0.25
11350	0.22	0.5	0.28
1955	0.74	0.19	0.07
4573	0.66	0.14	0.2
3871	0.56	0.15	0.29
11002	0.09	0.25	0.66
7839	0.28	0.24	0.48
7616	0.7	0.11	0.19
9587	0.35	0.06	0.59
3283	0.77	0.04	0.19
14721	0.21	0.76	0.03
6019	0.85	0.05	0.1
4580	0.89	0.05	0.06
6863	0.4	0.32	0.28
2671	0.7	0.06	0.24
8990	0.07	0.08	0.85
11349	0.43	0.38	0.19
14037	0.59	0.34	0.07
13229	0.44	0.20666666666666664	0.3533333333333333
2996	0.57	0.18	0.25
9011	0.14	0.27	0.59
2701	0.73	0.06	0.21
6972	0.3	0.12	0.58
12366	0.57	0.24	0.19
13595	0.16	0.76	0.08
1131	0.25	0.15	0.6
14408	0.28	0.2	0.52
7058	0.24	0.04	0.72
13073	0.38	0.56	0.06
2213	0.27	0.48	0.25
1275	0.37	0.19	0.44
321	0.18	0.78	0.04
14087	0.0	0.5183333333333333	0.48166666666666663
3641	0.55	0.38	0.07
2120	0.25	0.16	0.59
3667	0.56	0.34	0.1
2868	0.57	0.1	0.33
1995	0.53	0.22	0.25
4297	0.08	0.08	0.84
14726	0.74	0.22	0.04
3940	0.15	0.05	0.8
15183	0.41	0.30166666666666664	0.28833333333333333
13471	0.39	0.26	0.35
11851	0.17	0.66	0.17
13169	0.9	0.06	0.04
4999	0.32	0.19	0.49
14676	0.06	0.03	0.91
8606	0.62	0.1	0.28
2838	0.12	0.11	0.77
4761	0.1	0.0	0.9
3263	0.17	0.02	0.81
9932	0.08	0.04	0.88
11071	0.02	0.93	0.05
14790	0.26	0.58	0.16
4703	0.04	0.08	0.88
6762	0.618	0.02	0.36200000000000004
8447	0.76	0.06	0.18
5843	0.22	0.14	0.64
2484	0.36	0.31	0.33
5334	0.38	0.04	0.58
12424	0.65	0.12	0.23
4090	0.67	0.16	0.17
1696	0.54	0.41	0.05
5032	0.09	0.13	0.78
7513	0.24	0.09	0.67
3014	0.6	0.13	0.27
10457	0.29	0.07	0.64
3102	0.59	0.145	0.265
4152	0.22	0.04	0.74
11640	0.06	0.82	0.12
6485	0.17	0.18	0.65
6842	0.09	0.04	0.87
6852	0.69	0.09	0.22
1930	0.25	0.04	0.71
2831	0.04	0.04	0.92
6986	0.15	0.05	0.8
1830	0.66	0.07	0.27
14231	0.32	0.51	0.17
1821	0.66	0.075	0.265
15178	0.43	0.49	0.08
6778	0.2	0.09	0.71
13810	0.59	0.06	0.35
7619	0.52	0.31	0.17
537	0.22	0.72	0.06
13520	0.31	0.24	0.45
11888	0.67	0.26	0.07
7183	0.59	0.21	0.2
5593	0.06	0.17	0.77
9824	0.41	0.49	0.1
1737	0.25	0.22	0.53
6444	0.16	0.02	0.82
1876	0.205	0.06	0.735
3725	0.79	0.07	0.14
10951	0.06	0.62	0.32
14142	0.35	0.49	0.16
3156	0.28	0.09	0.63
13940	0.55	0.16	0.29
2477	0.52	0.28	0.2
14342	0.47	0.42	0.11
572	0.23	0.65	0.12
7258	0.85	0.08	0.07
12477	0.16	0.71	0.13
5805	0.46	0.065	0.475
5568	0.05	0.02	0.93
9538	0.55	0.16	0.29
12970	0.17	0.29	0.54
4987	0.32	0.17	0.51
5395	0.04	0.11	0.85
10010	0.69	0.18	0.13
9032	0.05	0.05	0.9
2171	0.07	0.06	0.87
5228	0.55	0.19	0.26
10339	0.51	0.27	0.22
12147	0.66	0.17	0.17
14195	0.2	0.33	0.47
3930	0.23	0.08	0.69
12167	0.6	0.23	0.17
8386	0.5	0.33	0.17
414	0.2	0.76	0.04
4034	0.62	0.26	0.12
4603	0.62	0.16	0.22
13545	0.7	0.23	0.07
12174	0.38	0.48	0.14
2866	0.3	0.19	0.51
8	0.23	0.49	0.28
6910	0.35	0.49	0.16
2840	0.34	0.39	0.27
13525	0.28	0.58	0.14
7627	0.7	0.12	0.18
8626	0.53	0.22	0.25
11905	0.27	0.66	0.07
13500	0.19	0.71	0.1
10599	0.26	0.47	0.27
7079	0.27	0.18	0.55
3846	0.66	0.15	0.19
1166	0.25	0.13	0.62
10338	0.73	0.2	0.07
11951	0.35	0.17416666666666664	0.4758333333333333
14888	0.3	0.54	0.16
8823	0.31	0.17	0.52
10790	0.0	0.68	0.32
741	0.22	0.73	0.05
7172	0.68	0.08	0.24
2651	0.85	0.02	0.13
13159	0.04	0.87	0.09
1872	0.215	0.32	0.465
2992	0.63	0.27	0.1
4883	0.12	0.09	0.79
14677	0.08	0.67	0.25
965	0.32	0.15	0.53
5345	0.44	0.06	0.5
8151	0.21	0.6242857142857143	0.1657142857142857
5824	0.26	0.24	0.5
10276	0.37	0.25	0.38
7017	0.11	0.05	0.84
5098	0.87	0.04	0.09
2897	0.2	0.14	0.66
11655	0.19	0.51	0.3
5300	0.62	0.04	0.34
11724	0.75	0.24	0.01
7775	0.03	0.16	0.81
4201	0.46	0.19	0.35
5961	0.87	0.04	0.09
4362	0.03	0.01	0.96
9997	0.48	0.26	0.26
14068	0.12	0.07	0.81
14835	0.57	0.21	0.22
14032	0.88	0.11	0.01
3557	0.04	0.13	0.83
601	0.39	0.53	0.08
1432	0.17	0.78	0.05
12978	0.33	0.4	0.27
14446	0.55	0.15	0.3
10421	0.51	0.12	0.37
7582	0.63	0.24	0.13
3657	0.97	0.03	0.0
7591	0.97	0.01	0.02
1436	0.35	0.49	0.16
9901	0.16	0.15	0.69
12619	0.12	0.7	0.18
14763	0.53	0.15	0.32
3273	0.375	0.07	0.555
12495	0.39	0.16666666666666669	0.44333333333333336
5664	0.05	0.21	0.74
10765	0.05	0.05	0.9
15158	0.37	0.52	0.11
6124	0.79	0.11	0.1
11816	0.13	0.633	0.237
11819	0.14	0.82	0.04
8028	0.88	0.08	0.04
15055	0.66	0.13	0.21
125	0.65	0.23	0.12
3514	0.03	0.01	0.96
2212	0.45	0.31	0.24
13522	0.21	0.64	0.15
11662	0.22	0.69	0.09
1521	0.7	0.1	0.2
6360	0.15	0.02	0.83
12626	0.07	0.42583333333333334	0.5041666666666668
11723	0.23	0.56	0.21
8201	0.12	0.38	0.5
11333	0.52	0.04	0.44
12345	0.57	0.19	0.24
13249	0.19	0.7	0.11
7794	0.02	0.02	0.96
5665	0.13	0.14	0.73
2526	0.26	0.46	0.28
11145	0.09	0.78	0.13
14636	0.21	0.53	0.26
5891	0.14	0.04	0.82
5928	0.69	0.21	0.1
11564	0.04	0.93	0.03
11306	0.01	0.8473333333333332	0.14266666666666666
4909	0.48	0.08	0.44
6819	0.06	0.03	0.91
2395	0.5	0.26	0.24
10733	0.0	0.32	0.68
1223	0.49	0.29	0.22
11294	0.41	0.14	0.45
3435	0.55	0.02	0.43
3552	0.01	0.12	0.87
7304	0.04	0.12	0.84
3281	0.12	0.33	0.55
1023	0.14	0.04	0.82
8963	0.06	0.16	0.78
11818	0.26	0.6	0.14
10212	0.01	0.07	0.92
4239	0.35	0.24	0.41
14171	0.29	0.69	0.02
2598	0.38	0.37	0.25
5018	0.12	0.02	0.86
2005	0.71	0.02	0.27
14651	0.23	0.72	0.05
101	0.27	0.65	0.08
2306	0.54	0.14	0.32
14355	0.27	0.66	0.07
5638	0.0	0.11	0.89
7375	0.32	0.21	0.47
1716	0.74	0.2	0.06
1450	0.35	0.62	0.03
5517	0.1	0.1	0.8
1704	0.66	0.13	0.21
3822	0.59	0.18	0.23
5050	0.07	0.28	0.65
9185	0.05	0.28	0.67
5693	0.2	0.22	0.58
5766	0.04	0.01	0.95
12866	0.29	0.59	0.12
11776	0.07	0.87	0.06
13755	0.28	0.57	0.15
14905	0.19	0.25416666666666665	0.5558333333333334
1464	0.25	0.56	0.19
8251	0.09	0.06	0.85
1584	0.73	0.19	0.08
12848	0.3	0.46	0.24
12751	0.06	0.7681666666666664	0.1718333333333333
14889	0.16	0.7	0.14
12034	0.2	0.68	0.12
1556	0.6	0.26	0.14
9192	0.05	0.2	0.75
13205	0.21	0.63	0.16
13314	0.38	0.145	0.475
6298	0.53	0.09	0.38
12864	0.78	0.17	0.05
38	0.59	0.31	0.1
235	0.52	0.4	0.08
14671	0.62	0.18	0.2
3310	0.1	0.11	0.79
10151	0.33	0.11	0.56
9524	0.18	0.185	0.635
3079	0.41	0.195	0.395
908	0.24	0.08	0.68
6103	0.76	0.21	0.03
9769	0.21	0.1	0.69
5973	0.95	0.04	0.01
5851	0.16	0.13	0.71
8835	0.1	0.36	0.54
4059	0.82	0.09	0.09
7903	0.59	0.28	0.13
13426	0.26	0.57	0.17
10834	0.57	0.17	0.26
6779	0.2	0.16	0.64
2464	0.52	0.19	0.29
12255	0.55	0.195	0.255
2991	0.44	0.14	0.42
8721	0.43	0.11	0.46
12976	0.78	0.16	0.06
9042	0.14	0.08	0.78
8359	0.32	0.34	0.34
15244	0.77	0.21	0.02
4591	0.66	0.14	0.2
13182	0.59	0.09	0.32
9465	0.1	0.12	0.78
3761	0.58	0.33	0.09
6785	0.25	0.0	0.75
8231	0.34	0.11	0.55
4033	0.73	0.18	0.09
2718	0.34	0.29	0.37
10873	0.06	0.63	0.31
3960	0.77	0.17	0.06
13752	0.43	0.17	0.4
4326	0.18	0.17	0.65
1394	0.24666666666666667	0.20333333333333337	0.55
2791	0.18	0.05	0.77
9671	0.16	0.01	0.83
8240	0.48	0.13	0.39
4221	0.43	0.25	0.32
8041	0.66	0.28	0.06
14495	0.2	0.7	0.1
4409	0.75	0.09	0.16
3005	0.32	0.3	0.38
5074	0.93	0.02	0.05
2488	0.59	0.23	0.18
211	0.34	0.61	0.05
11767	0.58	0.24	0.18
1322	0.24	0.65	0.11
9604	0.08	0.17	0.75
12074	0.55	0.31	0.14
11807	0.09	0.87	0.04
7294	0.03	0.15	0.82
15043	0.17	0.3591666666666667	0.47083333333333327
12381	0.67	0.11	0.22
5259	0.44	0.08	0.48
146	0.75	0.16	0.09
14329	0.13	0.72	0.15
11531	0.02	0.52	0.46
3483	0.03	0.2525	0.7175
5741	0.27	0.1	0.63
3206	0.24	0.0	0.76
13212	0.36	0.55	0.09
4494	0.8	0.09	0.11
13845	0.46	0.48	0.06
6865	0.45	0.15	0.4
8393	0.61	0.07	0.32
5532	0.59	0.13	0.28
6418	0.53	0.12	0.35
11689	0.87	0.02	0.11
7161	0.04	0.39	0.57
2512	0.45	0.21	0.34
6954	0.6	0.1	0.3
4385	0.29	0.085	0.6249999999999999
12443	0.55	0.15	0.3
13632	0.71	0.15	0.14
11389	0.31	0.59	0.1
8441	0.4	0.15	0.45
13537	0.53	0.21	0.26
13867	0.6	0.19	0.21
11015	0.1	0.84	0.06
10160	0.25	0.7	0.05
14784	0.17	0.1475	0.6825
2217	0.13	0.28	0.59
226	0.67	0.24	0.09
7038	0.01	0.05	0.94
8831	0.01	0.02	0.97
2425	0.23	0.62	0.15
10857	0.01	0.57	0.42
3669	0.55	0.33	0.12
13571	0.556	0.264	0.18
8710	0.37	0.06	0.57
549	0.23	0.71	0.06
6380	0.39	0.03	0.58
7464	0.46	0.07	0.47
10247	0.43	0.3	0.27
5389	0.0	0.11	0.89
9347	0.19	0.2	0.61
2371	0.63	0.12	0.25
10365	0.02	0.01	0.97
2499	0.71	0.14	0.15
9681	0.26	0.02	0.72
9044	0.05	0.05	0.9
5452	0.17	0.08	0.75
1934	0.225	0.29	0.485
9879	0.54	0.44	0.02
11264	0.84	0.11	0.05
12236	0.66	0.17	0.17
11024	0.17	0.33	0.5
11183	0.85	0.14	0.01
13235	0.33	0.26666666666666666	0.40333333333333327
4542	0.96	0.01	0.03
2973	0.79	0.09	0.12
2257	0.06	0.02	0.92
3949	0.14	0.76	0.1
3321	0.17	0.01	0.82
6645	0.11	0.19	0.7
7448	0.84	0.01	0.15
5429	0.03	0.11	0.86
3572	0.01	0.04	0.95
819	0.24	0.64	0.12
13158	0.31	0.03	0.66
3369	0.14	0.24	0.62
5291	0.54	0.22	0.24
2363	0.7	0.2	0.1
11401	0.77	0.07	0.16
325	0.05	0.94	0.01
573	0.11	0.85	0.04
1010	0.31	0.17	0.52
9776	0.21	0.08	0.71
9349	0.07	0.09	0.84
9121	0.08	0.1	0.82
14234	0.23	0.69	0.08
8389	0.69	0.11	0.2
4368	0.38	0.09	0.53
590	0.11	0.82	0.07
11913	0.01	0.95	0.04
13984	0.42	0.3175	0.2625
9214	0.07	0.4633333333333334	0.4666666666666666
14221	0.46	0.42	0.12
10258	0.34	0.43	0.23
11025	0.07	0.83	0.1
7091	0.09	0.12	0.79
5016	0.13	0.18	0.69
6242	0.72	0.17	0.11
2266	0.28	0.4	0.32
14075	0.39	0.38	0.23
14057	0.52	0.0775	0.4025
14263	0.71	0.19	0.1
12234	0.83	0.05	0.12
12460	0.21	0.28738095238095235	0.5026190476190476
997	0.08	0.7242857142857144	0.1957142857142857
14218	0.36	0.33	0.31
2972	0.83	0.15	0.02
5007	0.23	0.27	0.5
12556	0.99	0.0	0.01
880	0.33	0.54	0.13
7980	0.23	0.26	0.51
49	0.38	0.55	0.07
13609	0.57	0.18	0.25
2559	0.83	0.08	0.09
10133	0.24	0.7	0.06
8676	0.6	0.06	0.34
6270	0.71	0.15	0.14
4122	0.23	0.21	0.56
15068	0.66	0.0275	0.3125
14339	0.23	0.4	0.37
1986	0.88	0.02	0.1
14719	0.35	0.48	0.17
6428	0.45	0.125	0.425
7094	0.15	0.2	0.65
14426	0.71	0.06	0.23
14961	0.61	0.11	0.28
10696	0.22	0.22	0.56
13315	0.49	0.31	0.2
2590	0.81	0.08	0.11
7396	0.09	0.88	0.03
4777	0.11	0.09	0.8
10714	0.13	0.74	0.13
13734	0.11	0.8	0.09
13976	0.24	0.63	0.13
6083	0.87	0.01	0.12
9026	0.0	0.02	0.98
6475	0.31	0.03	0.66
5364	0.1	0.01	0.89
5443	0.04	0.09	0.87
9988	0.08	0.02	0.9
6832	0.11	0.0	0.89
9626	0.12	0.1	0.78
12842	0.29	0.16916666666666663	0.5408333333333334
13308	0.5	0.18	0.32
7610	0.82	0.11	0.07
4740	0.14	0.03	0.83
2325	0.73	0.07	0.2
12958	0.16	0.72	0.12
11515	0.53	0.25	0.22
3821	0.38	0.19	0.43
1550	0.85	0.09	0.06
4900	0.72	0.09	0.19
5446	0.0	0.11	0.89
7461	0.31	0.12	0.57
2811	0.06	0.17	0.77
1911	0.25	0.0	0.75
13769	0.15	0.5271666666666667	0.3228333333333333
11072	0.13	0.53	0.34
30	0.25	0.64	0.11
13631	0.35	0.24	0.41
2916	0.3	0.39404761904761904	0.305952380952381
4876	0.04	0.01	0.95
12519	0.22	0.58	0.2
3796	0.57	0.25	0.18
9364	0.06	0.08	0.86
7285	0.14	0.23	0.63
8122	0.35	0.35	0.3
12552	0.52	0.15	0.33
202	0.29	0.52	0.19
9382	0.17	0.16	0.67
12715	0.24	0.26	0.5
371	0.31	0.61	0.08
9306	0.05	0.19	0.76
98	0.69	0.18	0.13
1839	0.45	0.215	0.335
11542	0.35	0.36	0.29
6609	0.56	0.12	0.32
2059	0.19	0.22	0.59
9958	0.16	0.22	0.62
6978	0.07	0.08	0.85
6006	0.73	0.04	0.23
7661	0.3066666666666667	0.33333333333333337	0.36
9210	0.06	0.16	0.78
5196	0.81	0.11	0.08
6433	0.25	0.12	0.63
2552	0.54	0.27	0.19
375	0.16	0.81	0.03
3100	0.62	0.16	0.22
1093	0.26	0.05	0.69
10969	0.54	0.24	0.22
14738	0.17	0.31916666666666665	0.5108333333333333
12135	0.19	0.65	0.16
3579	0.11	0.21	0.68
4160	0.32	0.3	0.38
706	0.31	0.5	0.19
5116	0.65	0.25	0.1
6234	0.55	0.31	0.14
5396	0.01	0.03	0.96
10387	0.32	0.3	0.38
11864	0.04	0.82	0.14
956	0.54	0.02	0.44
4247	0.0	0.11	0.89
13447	0.58	0.19	0.23
2834	0.06	0.08	0.86
6723	0.9	0.04	0.06
1083	0.13	0.06	0.81
3375	0.88	0.05	0.07
11713	0.78	0.17	0.05
13865	0.3	0.56	0.14
7376	0.27	0.23	0.5
15143	0.04	0.3538333333333334	0.6061666666666667
13417	0.13	0.78	0.09
8454	0.61	0.17	0.22
10436	0.05	0.74	0.21
3425	0.53	0.15	0.32
8756	0.05	0.01	0.94
11486	0.24	0.64	0.12
3237	0.265	0.06	0.675
13176	0.18	0.67	0.15
6377	0.67	0.15	0.18
6030	0.75	0.04	0.21
12961	0.18	0.71	0.11
2930	0.57	0.13	0.3
15120	0.44	0.34	0.22
3285	0.6	0.14	0.26
409	0.37	0.48	0.15
14097	0.24	0.68	0.08
11571	0.41	0.35	0.24
6568	0.36	0.3	0.34
2808	0.08	0.26	0.66
15173	0.84	0.03	0.13
12717	0.35	0.17	0.48
13066	0.22	0.285	0.495
14912	0.2	0.25666666666666665	0.5433333333333333
14356	0.61	0.14	0.25
13715	0.35	0.51	0.14
12060	0.62	0.08	0.3
6068	0.81	0.19	0.0
5226	0.64	0.04	0.32
4655	0.04	0.14	0.82
13717	0.21	0.48	0.31
10018	0.71	0.18	0.11
6631	0.22	0.1	0.68
3867	0.78	0.1	0.12
5698	0.27	0.13	0.6
13552	0.54	0.19916666666666663	0.2608333333333333
10561	0.22	0.41	0.37
1575	0.9	0.08	0.02
6140	0.83	0.1	0.07
11485	0.21	0.68	0.11
13820	0.4	0.335	0.265
1070	0.41	0.15	0.44
874	0.22	0.68	0.1
13677	0.04	0.88	0.08
8225	0.35	0.04	0.61
2629	0.66	0.11	0.23
182	0.36	0.58	0.06
2725	0.48	0.26	0.26
13670	0.18	0.72	0.1
9335	0.17	0.12	0.71
5325	0.395	0.07	0.535
5972	0.8	0.13	0.07
2700	0.6	0.22	0.18
10420	0.68	0.1	0.22
3251	0.24	0.03	0.73
11393	0.2	0.64	0.16
13068	0.51	0.3	0.19
2195	0.39	0.14	0.47
8344	0.4	0.08	0.52
15250	0.44	0.23	0.33
2146	0.57	0.12	0.31
283	0.53	0.41	0.06
122	0.33	0.59	0.08
2963	0.75	0.12	0.13
1111	0.11	0.09	0.8
1122	0.35	0.06	0.59
14702	0.1	0.04	0.86
9073	0.15	0.1	0.75
10627	0.7	0.09	0.21
1901	0.16	0.0	0.84
14623	0.36	0.55	0.09
5683	0.16	0.05	0.79
7938	0.18	0.35	0.47
9539	0.29	0.22	0.49
8767	0.0	0.02	0.98
6470	0.12	0.28	0.6
12964	0.56	0.24	0.2
2134	0.3	0.08	0.62
4037	0.35	0.49	0.16
2404	0.63	0.1	0.27
10194	0.75	0.16	0.09
11811	0.7	0.26	0.04
1653	0.89	0.09	0.02
11840	0.91	0.08	0.01
3907	0.3	0.23	0.47
10126	0.23666666666666664	0.2633333333333333	0.5
1346	0.18	0.1	0.72
14728	0.4	0.2375	0.3625
11988	0.0	0.45833333333333337	0.5416666666666666
8698	0.45	0.07	0.48
6616	0.32	0.03	0.65
4250	0.73	0.08	0.19
9252	0.02	0.23	0.75
3850	0.9	0.02	0.08
11153	0.0	0.5479999999999999	0.452
4912	0.69	0.07	0.24
8237	0.35	0.32	0.33
13680	0.32	0.45	0.23
4284	0.05	0.02	0.93
12326	0.62	0.1	0.28
3121	0.33	0.14	0.53
5363	0.04	0.01	0.95
13180	0.22	0.54	0.24
10601	0.38	0.17	0.45
12803	0.09	0.22	0.69
11194	0.73	0.09	0.18
12805	0.77	0.22	0.01
7933	0.18	0.12	0.7
1418	0.27	0.56	0.17
4209	0.64	0.14	0.22
14536	0.67	0.13	0.2
10118	0.1	0.11	0.79
13498	0.44	0.18666666666666665	0.3733333333333333
251	0.47	0.31	0.22
3020	0.75	0.11	0.14
1186	0.38	0.25	0.37
4101	0.9	0.08	0.02
11016	0.09	0.26416666666666666	0.6458333333333335
354	0.47	0.30333333333333334	0.22666666666666668
5352	0.3	0.16	0.54
9106	0.03	0.35	0.62
14382	0.5	0.06	0.44
8369	0.03	0.13	0.84
3107	0.4633333333333334	0.15666666666666665	0.38
10925	0.25	0.28	0.47
731	0.13	0.69	0.18
10755	0.21	0.09	0.7
186	0.58	0.29	0.13
10482	0.25	0.26	0.49
4503	0.38	0.11	0.51
7472	0.36	0.075	0.565
1204	0.26	0.16	0.58
5755	0.03	0.01	0.96
10180	0.39	0.4	0.21
9571	0.41	0.065	0.525
14222	0.26	0.25416666666666665	0.4858333333333333
14265	0.12	0.7	0.18
2235	0.08	0.04	0.88
5834	0.17	0.07	0.76
5320	0.0	0.06	0.94
3781	0.42	0.06	0.52
14486	0.22	0.63	0.15
4664	0.12	0.13	0.75
4357	0.2	0.04	0.76
2567	0.35	0.34	0.31
8700	0.56	0.05	0.39
13585	0.38	0.28	0.34
790	0.15	0.8	0.05
2692	0.73	0.05	0.22
1541	0.91	0.07	0.02
9688	0.23	0.05	0.72
7167	0.325	0.15	0.525
1107	0.28	0.18	0.54
3709	0.59	0.29	0.12
4732	0.07	0.08	0.85
14103	0.59	0.21	0.2
1350	0.46	0.065	0.475
1779	0.18	0.19	0.63
11499	0.34	0.58	0.08
5782	0.16	0.07	0.77
1999	0.64	0.16	0.2
15119	0.73	0.21	0.06
3961	0.96	0.04	0.0
3857	0.68	0.1	0.22
4801	0.22	0.09	0.69
2387	0.71	0.14	0.15
3832	0.23	0.12	0.65
1357	0.18	0.09	0.73
2245	0.01	0.0	0.99
6999	0.06	0.08	0.86
8058	0.66	0.19	0.15
11516	0.16	0.68	0.16
3301	0.05	0.3	0.65
4618	0.19666666666666666	0.21	0.5933333333333333
258	0.65	0.27	0.08
2915	0.62	0.16	0.22
11955	0.23	0.66	0.11
3452	0.23	0.08	0.69
560	0.19	0.67	0.14
1848	0.68	0.07	0.25
333	0.28	0.5	0.22
10472	0.07	0.17	0.76
13052	0.5	0.065	0.435
5260	0.47	0.2	0.33
14686	0.29	0.61	0.1
4933	0.28	0.5	0.22
9358	0.07	0.05	0.88
1540	0.8	0.15	0.05
4668	0.09	0.0	0.91
3794	0.25	0.15	0.6
6277	0.54	0.11	0.35
3390	0.57	0.2	0.23
3934	0.62	0.35	0.03
3583	0.18	0.05	0.77
222	0.38	0.48	0.14
3041	0.35	0.28	0.37
5528	0.01	0.04	0.95
13495	0.14	0.78	0.08
3640	0.7559999999999999	0.01	0.23399999999999999
2166	0.08	0.23	0.69
7380	0.14	0.1	0.76
8544	0.58	0.04	0.38
8777	0.01	0.04	0.95
14948	0.31	0.56	0.13
9245	0.03	0.03	0.94
7328	0.25	0.16	0.59
2418	0.64	0.14	0.22
8628	0.56	0.04	0.4
11768	0.64	0.075	0.285
11822	0.37	0.24	0.39
10393	0.36	0.05	0.59
10770	0.02	0.63	0.35
4646	0.07	0.01	0.92
14576	0.67	0.21	0.12
5953	0.92	0.0	0.08
631	0.18	0.77	0.05
2341	0.45	0.19	0.36
13102	0.17	0.24916666666666665	0.5808333333333333
15221	0.2	0.7	0.1
15021	0.14	0.69	0.17
14112	0.55	0.18916666666666665	0.2608333333333333
6937	0.75	0.12	0.13
6116	0.82	0.1	0.08
7802	0.11	0.06	0.83
9096	0.03	0.29	0.68
10040	0.58	0.18	0.24
15101	0.17	0.51	0.32
513	0.43	0.39	0.18
9586	0.51	0.24	0.25
13671	0.24	0.69	0.07
7141	0.75	0.17	0.08
14488	0.67	0.14	0.19
10950	0.07	0.88	0.05
8573	0.42	0.07	0.51
3809	0.76	0.05	0.19
3385	0.84	0.02	0.14
2881	0.68	0.19	0.13
11387	0.63	0.03	0.34
5362	0.13	0.16	0.71
7360	0.18	0.22	0.6
1932	0.22	0.2	0.58
12209	0.21	0.47	0.32
1067	0.21	0.05	0.74
11310	0.73	0.08	0.19
13456	0.46	0.42	0.12
8232	0.81	0.08	0.11
10620	0.55	0.18	0.27
12578	0.5	0.18	0.32
904	0.39	0.16	0.45
9526	0.32	0.15	0.53
2544	0.26	0.3	0.44
13531	0.43	0.42	0.15
7227	0.06	0.2	0.74
10794	0.15	0.3	0.55
7538	0.59	0.06	0.35
4463	0.04	0.36	0.6
1388	0.26	0.22	0.52
12136	0.92	0.07	0.01
6902	0.86	0.06	0.08
14325	0.16	0.73	0.11
12294	0.1	0.2723809523809524	0.6276190476190476
356	0.2	0.72	0.08
5816	0.55	0.04	0.41
6312	0.41	0.36	0.23
14091	0.36	0.3	0.34
6542	0.26	0.06	0.68
8281	0.09	0.13	0.78
7207	0.06	0.11	0.83
7190	0.19	0.11	0.7
8995	0.06	0.15	0.79
1868	0.4	0.09	0.51
14420	0.39	0.43	0.18
12638	0.13	0.73	0.14
9242	0.02	0.17	0.81
1877	0.18	0.08	0.74
13059	0.22	0.62	0.16
5458	0.04	0.02	0.94
36	0.41	0.5	0.09
529	0.29	0.5	0.21
5403	0.07	0.09	0.84
925	0.09	0.14	0.77
4085	0.72	0.19	0.09
2129	0.16	0.2025	0.6375
7220	0.42	0.05	0.53
3566	0.11	0.18	0.71
3807	0.03	0.08	0.89
3097	0.42	0.11	0.47
9101	0.14	0.15	0.71
7683	0.63	0.06	0.31
13328	0.07	0.82	0.11
6482	0.24	0.025	0.735
2060	0.12	0.095	0.785
9598	0.34	0.16	0.5
1246	0.26	0.64	0.1
6586	0.15	0.15	0.7
10022	0.57	0.25	0.18
1321	0.2	0.69	0.11
6674	0.2	0.72	0.08
14282	0.43	0.25	0.32
14592	0.41	0.4	0.19
15017	0.08	0.88	0.04
7060	0.39	0.06	0.55
8147	0.22	0.06	0.72
596	0.15	0.79	0.06
6044	0.59	0.22	0.19
4621	0.05	0.0	0.95
5967	0.8	0.06	0.14
12028	0.11	0.7	0.19
2301	0.36	0.31	0.33
12988	0.26	0.67	0.07
11023	0.02	0.64	0.34
3149	0.4	0.19	0.41
13380	0.56	0.18	0.26
6499	0.49	0.38	0.13
6464	0.2	0.32	0.48
1805	0.14	0.24	0.62
11999	0.07	0.49	0.44
6549	0.12	0.16	0.72
2902	0.7	0.03	0.27
519	0.15	0.72	0.13
3875	0.48	0.17	0.35
11404	0.2	0.7	0.1
11253	0.17	0.3273809523809524	0.5026190476190476
14936	0.14	0.81	0.05
6521	0.18	0.12	0.7
8867	0.06	0.12	0.82
1916	0.24	0.0	0.76
170	0.46	0.39	0.15
12017	0.43	0.3	0.27
4444	0.75	0.07	0.18
13012	0.24	0.66	0.1
12942	0.28	0.56	0.16
10671	0.38	0.34	0.28
4994	0.31	0.21	0.48
8669	0.59	0.05	0.36
7049	0.18	0.12	0.7
2637	0.63	0.035	0.335
13089	0.13	0.1575	0.7125
9500	0.13	0.265	0.605
1825	0.26	0.39	0.35
3429	0.28	0.14	0.58
11428	0.16	0.81	0.03
5992	0.86	0.1	0.04
1317	0.32	0.62	0.06
9606	0.39	0.2	0.41
12989	0.21	0.71	0.08
13880	0.49	0.3	0.21
10203	0.48	0.19	0.33
13705	0.5	0.37	0.13
8567	0.47	0.24	0.29
3334	0.41	0.2	0.39
14724	0.57	0.205	0.225
15233	0.75	0.25	0.0
14510	0.15	0.0	0.85
6908	0.54	0.14	0.32
12778	0.77	0.12	0.11
9675	0.14	0.13	0.73
4945	0.49	0.25	0.26
10159	0.23	0.59	0.18
5962	0.86	0.05	0.09
13828	0.29	0.41	0.3
10052	0.64	0.23	0.13
10757	0.12	0.69	0.19
7214	0.42	0.1	0.48
14175	0.49	0.065	0.445
2053	0.14	0.14	0.72
5055	0.14	0.03	0.83
1417	0.38	0.57	0.05
12911	0.67	0.12	0.21
3412	0.42	0.45	0.13
4377	0.1	0.17	0.73
433	0.1	0.84	0.06
14312	0.66	0.22	0.12
3619	0.1	0.24	0.66
4310	0.21	0.14	0.65
5470	0.02	0.04	0.94
13104	0.3	0.2366666666666667	0.46333333333333326
6014	0.31	0.3	0.39
12668	0.34	0.4646666666666667	0.1953333333333333
1909	0.24	0.11	0.65
12908	0.12	0.71	0.17
1142	0.2	0.08	0.72
13470	0.36	0.59	0.05
8742	0.05	0.0	0.95
6318	0.498	0.02	0.48200000000000004
12777	0.22	0.65	0.13
13290	0.39	0.23	0.38
13816	0.38	0.205	0.415
12425	0.26	0.51	0.23
6305	0.39	0.11	0.5
1442	0.42	0.47	0.11
2962	0.77	0.22	0.01
6071	0.42	0.29	0.29
11469	0.3	0.49	0.21
13651	0.14	0.67	0.19
1081	0.32	0.21	0.47
9396	0.03	0.08	0.89
9610	0.22	0.03	0.75
6805	0.54	0.22	0.24
14803	0.48	0.075	0.445
4231	0.18	0.73	0.09
4667	0.18	0.19	0.63
74	0.54	0.38	0.08
10461	0.24	0.165	0.595
10984	0.07	0.92	0.01
1180	0.28	0.27	0.45
5310	0.48	0.1	0.42
1063	0.02	0.01	0.97
12304	0.3	0.435	0.265
6045	0.55	0.2	0.25
7955	0.26	0.09	0.65
8078	0.6	0.2	0.2
13257	0.22	0.27416666666666667	0.5058333333333332
10512	0.22	0.23	0.55
9434	0.11	0.1	0.79
14487	0.87	0.06	0.07
14122	0.67	0.12	0.21
3250	0.1	0.08	0.82
15042	0.4	0.25416666666666665	0.34583333333333327
2013	0.55	0.24	0.21
12029	0.61	0.18	0.21
7563	0.76	0.04	0.2
10569	0.19	0.3	0.51
10768	0.04	0.48	0.48
4080	0.7	0.2	0.1
9360	0.02	0.11	0.87
1301	0.33	0.55	0.12
4974	0.46	0.03	0.51
4693	0.01	0.0	0.99
8680	0.13	0.02	0.85
3799	0.06	0.05	0.89
6202	0.76	0.17	0.07
8657	0.55	0.03	0.42
2208	0.66	0.21	0.13
9030	0.17	0.02	0.81
6915	0.7	0.18	0.12
14906	0.16	0.0	0.84
14565	0.13	0.7	0.17
3252	0.17	0.06	0.77
2234	0.26	0.1	0.64
13722	0.59	0.11	0.3
4827	0.11	0.2	0.69
6784	0.08	0.14	0.78
11027	0.7	0.09	0.21
7150	0.22699999999999998	0.06	0.713
9950	0.14	0.03	0.83
8500	0.28	0.2	0.52
6589	0.24	0.23	0.53
13383	0.24	0.6	0.16
11139	0.08	0.72	0.2
12624	0.1	0.8	0.1
4161	0.55	0.13	0.32
8353	0.28	0.085	0.635
2139	0.08	0.3	0.62
10047	0.59	0.22	0.19
9007	0.02	0.08	0.9
8335	0.62	0.05	0.33
5059	0.51	0.18	0.31
10099	0.09	0.21	0.7
2987	0.43	0.41	0.16
6929	0.59	0.2	0.21
10412	0.45	0.08	0.47
14053	0.23	0.7	0.07
13960	0.49	0.165	0.345
14708	0.18	0.71	0.11
10214	0.35	0.45	0.2
2030	0.82	0.03	0.15
6309	0.5	0.07	0.43
11347	0.88	0.11	0.01
5285	0.42	0.22	0.36
252	0.75	0.18	0.07
3450	0.0	0.07	0.93
2077	0.51	0.09	0.4
3374	0.34	0.27	0.39
12298	0.64	0.055	0.305
7407	0.83	0.15	0.02
5511	0.02	0.04	0.94
12837	0.04	0.84	0.12
2483	0.02	0.19	0.79
14152	0.51	0.31	0.18
9274	0.06	0.07	0.87
5099	0.83	0.03	0.14
14611	0.85	0.12	0.03
13857	0.09	0.35	0.56
4905	0.26	0.23	0.51
1714	0.79	0.14	0.07
8951	0.16	0.27	0.57
10971	0.05	0.86	0.09
13818	0.54	0.34	0.12
4026	0.6	0.16	0.24
11672	0.78	0.16	0.06
8656	0.58	0.05	0.37
4460	0.11	0.08	0.81
14345	0.23	0.65	0.12
3672	0.93	0.0	0.07
3551	0.23	0.11	0.66
10570	0.24	0.28	0.48
8613	0.48	0.15	0.37
6237	0.81	0.15	0.04
3070	0.55	0.2	0.25
6236	0.81	0.08	0.11
8373	0.02	0.0	0.98
14679	0.57	0.1275	0.3025
13385	0.12	0.73	0.15
6146	0.72	0.11	0.17
1058	0.08	0.06	0.86
14646	0.58	0.3	0.12
13288	0.29	0.365	0.345
9338	0.05	0.04	0.91
4458	0.1	0.35	0.55
3542	0.17	0.1	0.73
11395	0.07	0.82	0.11
1372	0.27	0.19	0.54
14925	0.21	0.03	0.76
5817	0.47	0.09	0.44
13905	0.4	0.145	0.455
1176	0.13	0.015	0.855
8099	0.19899999999999998	0.23	0.5710000000000001
13423	0.1	0.08	0.82
4652	0.09	0.33	0.58
532	0.33	0.39	0.28
4721	0.1	0.09	0.81
12845	0.11	0.33333333333333326	0.5566666666666668
5354	0.45	0.145	0.405
2168	0.07	0.07	0.86
1319	0.24	0.73	0.03
241	0.45	0.49	0.06
9565	0.35	0.02	0.63
14776	0.58	0.3	0.12
5296	0.38	0.23	0.39
7617	0.92	0.02	0.06
11218	0.62	0.13	0.25
10800	0.02	0.58	0.4
2204	0.46	0.3	0.24
14801	0.48	0.31	0.21
13391	0.32	0.3066666666666667	0.3733333333333333
13687	0.54	0.22	0.24
7795	0.13	0.34	0.53
3711	0.59	0.29	0.12
8634	0.51	0.19	0.3
12739	0.08	0.84	0.08
15087	0.43	0.22	0.35
7533	0.61	0.2	0.19
2640	0.49	0.09	0.42
11425	0.29	0.69	0.02
14839	0.64	0.13	0.23
579	0.45	0.32	0.23
2052	0.09	0.26	0.65
7883	0.54	0.3	0.16
9077	0.06	0.05	0.89
9551	0.34	0.21	0.45
14588	0.85	0.06	0.09
13862	0.45	0.49	0.06
11547	0.25	0.41	0.34
7211	0.34	0.1	0.56
10568	0.63	0.13	0.24
7630	0.63	0.25	0.12
1254	0.46	0.2	0.34
5301	0.49	0.08	0.43
6374	0.78	0.09	0.13
521	0.05	0.85	0.1
5465	0.04	0.01	0.95
6167	0.81	0.13	0.06
1185	0.19	0.11	0.7
3076	0.53	0.045	0.425
15107	0.27	0.18	0.55
8913	0.0	0.11	0.89
12686	0.2	0.2816666666666667	0.5183333333333333
10738	0.04	0.54	0.42
5499	0.03	0.0	0.97
12220	0.32	0.3666666666666667	0.3133333333333333
4054	0.81	0.08	0.11
14762	0.76	0.13	0.11
9213	0.08	0.15	0.77
7884	0.215	0.16	0.625
9711	0.16	0.06	0.78
10519	0.25	0.64	0.11
6104	0.71	0.15	0.14
3522	0.06	0.16	0.78
14827	0.08	0.85	0.07
4568	0.96	0.02	0.02
11329	0.88	0.1	0.02
4311	0.06	0.06	0.88
14974	0.21	0.7	0.09
11343	0.63	0.09	0.28
10828	0.0	0.74	0.26
9822	0.11	0.11	0.78
5809	0.45	0.07	0.48
6590	0.21	0.045	0.745
14490	0.68	0.13	0.19
4306	0.07	0.06	0.87
7702	0.52	0.19	0.29
8980	0.06	0.03	0.91
6022	0.71	0.14	0.15
9061	0.01	0.19	0.8
256	0.65	0.25	0.1
3714	0.69	0.15	0.16
14407	0.4766666666666666	0.20333333333333337	0.32
9239	0.04	0.07	0.89
3177	0.25	0.21	0.54
8545	0.47	0.16	0.37
13475	0.48	0.26	0.26
8747	0.31	0.13	0.56
8729	0.03	0.3763333333333334	0.5936666666666667
6530	0.13	0.07	0.8
4121	0.09	0.08	0.83
5477	0.02	0.0	0.98
6571	0.32	0.155	0.525
13241	0.14	0.77	0.09
1454	0.28	0.66	0.06
9521	0.52	0.09	0.39
2327	0.48	0.11	0.41
4164	0.44	0.13	0.43
11769	0.63	0.19	0.18
12565	0.41	0.15	0.44
6698	0.72	0.11	0.17
7680	0.49	0.14	0.37
12796	0.08	0.59	0.33
4412	0.39	0.21	0.4
5288	0.51	0.23	0.26
15215	0.28	0.58	0.14
12064	0.41	0.58	0.01
7033	0.06	0.04	0.9
561	0.26	0.65	0.09
1281	0.18	0.61	0.21
1982	0.47	0.115	0.415
5757	0.14	0.1	0.76
10730	0.0	0.41	0.59
11879	0.03	0.5	0.47
8054	0.84	0.13	0.03
5840	0.16	0.14	0.7
2668	0.29	0.66	0.05
4298	0.07	0.03	0.9
273	0.69	0.28	0.03
2300	0.67	0.09	0.24
14456	0.24	0.38	0.38
8002	0.11	0.81	0.08
5350	0.58	0.21	0.21
1173	0.63	0.16	0.21
14585	0.55	0.16	0.29
4516	0.51	0.06	0.43
8816	0.01	0.04	0.95
13890	0.51	0.39	0.1
10948	0.0	0.61	0.39
14757	0.9	0.04	0.06
5020	0.11	0.09	0.8
11870	0.72	0.135	0.145
5200	0.82	0.08	0.1
14473	0.76	0.18	0.06
3598	0.63	0.26	0.11
4227	0.62	0.13	0.25
8904	0.12	0.1	0.78
5801	0.59	0.26	0.15
7701	0.64	0.05	0.31
11976	0.03	0.91	0.06
12266	0.62	0.2	0.18
13130	0.41	0.41	0.18
14538	0.14	0.73	0.13
2980	0.75	0.25	0.0
1634	0.37	0.5	0.13
13075	0.81	0.02	0.17
10848	0.01	0.3	0.69
12618	0.72	0.19	0.09
7826	0.3	0.015	0.685
12375	0.34	0.43	0.23
6478	0.13	0.18	0.69
491	0.27	0.37	0.36
8418	0.82	0.13	0.05
5623	0.06	0.06	0.88
1873	0.09	0.01	0.9
14406	0.78	0.12	0.1
13511	0.08	0.563	0.357
4398	0.39	0.34	0.27
12956	0.21	0.71	0.08
14266	0.5	0.18	0.32
13434	0.65	0.15	0.2
11821	0.12	0.47916666666666674	0.40083333333333326
7411	0.82	0.08	0.1
2532	0.49	0.18666666666666668	0.3233333333333333
2713	0.52	0.32	0.16
3889	0.05	0.08	0.87
13206	0.06	0.8	0.14
13833	0.26	0.625	0.115
1972	0.58	0.12	0.3
2467	0.56	0.29	0.15
4098	0.79	0.14	0.07
7452	0.42	0.48	0.1
15210	0.03	0.13	0.84
10693	0.32	0.09	0.59
10188	0.02	0.15	0.83
5092	0.37	0.38	0.25
10952	0.03	0.82	0.15
5314	0.65	0.05	0.3
3945	0.69	0.25	0.06
3272	0.23	0.01	0.76
6729	0.83	0.09	0.08
9092	0.07	0.06	0.87
4401	0.61	0.06	0.33
2432	0.45	0.23	0.32
12078	0.87	0.12	0.01
8937	0.0	0.1	0.9
15194	0.18	0.3116666666666667	0.5083333333333333
545	0.26	0.71	0.03
12457	0.37	0.2692857142857143	0.3607142857142857
9489	0.06	0.14	0.8
978	0.4	0.16	0.44
10116	0.31	0.24	0.45
3110	0.18	0.21	0.61
13078	0.51	0.39	0.1
204	0.59	0.39	0.02
10458	0.24	0.28	0.48
9920	0.12	0.0	0.88
6067	0.63	0.19	0.18
9672	0.3	0.12	0.58
9903	0.17	0.12	0.71
13967	0.19	0.66	0.15
2958	0.53	0.14	0.33
11353	0.06	0.69	0.25
1482	0.21	0.64	0.15
1141	0.35	0.3	0.35
12487	0.67	0.13	0.2
13345	0.59	0.37	0.04
9926	0.08	0.05	0.87
2790	0.43	0.15	0.42
13645	0.6	0.2	0.2
7486	0.74	0.15	0.11
2150	0.26	0.15	0.59
2573	0.39	0.33	0.28
13605	0.08	0.75	0.17
4881	0.17	0.06	0.77
592	0.73	0.21	0.06
2115	0.47	0.31	0.22
13758	0.44	0.24666666666666665	0.3133333333333333
11555	0.72	0.07	0.21
6827	0.22	0.15	0.63
425	0.44	0.42	0.14
1794	0.03	0.02	0.95
6970	0.45	0.15	0.4
8259	0.08	0.04	0.88
12075	0.13	0.25916666666666666	0.6108333333333333
8906	0.15	0.1	0.75
4095	0.75	0.2	0.05
5147	0.87	0.06	0.07
4836	0.01	0.0	0.99
5779	0.23	0.16	0.61
4047	0.66	0.23	0.11
11602	0.89	0.04	0.07
9682	0.27	0.29	0.44
8426	0.9	0.01	0.09
7968	0.68	0.15	0.17
6759	0.18	0.31666666666666665	0.5033333333333334
6443	0.02	0.09	0.89
10719	0.29	0.55	0.16
13493	0.21	0.68	0.11
9685	0.32	0.16	0.52
14059	0.72	0.2	0.08
11257	0.045	0.7	0.255
3158	0.47	0.07	0.46
14385	0.99	0.01	0.0
2340	0.47	0.16	0.37
110	0.38	0.62	0.0
13268	0.22	0.75	0.03
14624	0.93	0.01	0.06
8446	0.89	0.03	0.08
7301	0.19	0.22	0.59
14612	0.59	0.28	0.13
14570	0.9	0.07	0.03
762	0.22	0.72	0.06
1762	0.33899999999999997	0.03	0.631
4512	0.94	0.01	0.05
8184	0.01	0.03	0.96
10340	0.87	0.08	0.05
7827	0.28	0.26	0.46
11653	0.04	0.62	0.34
10380	0.42	0.12	0.46
3053	0.21	0.26	0.53
12983	0.3	0.47	0.23
46	0.59	0.24	0.17
345	0.47	0.27	0.26
14847	0.3	0.65	0.05
11537	0.62	0.15	0.23
9622	0.13	0.08	0.79
13409	0.12	0.4	0.48
9982	0.05	0.0	0.95
1899	0.215	0.24	0.545
14197	0.32	0.11	0.57
7071	0.2	0.31	0.49
2901	0.64	0.01	0.35
6526	0.11	0.08	0.81
11836	0.06	0.79	0.15
2032	0.07	0.26	0.67
4399	0.36	0.17	0.47
10587	0.35	0.24	0.41
10579	0.26	0.11	0.63
11017	0.09	0.83	0.08
14281	0.52	0.34	0.14
7142	0.82	0.11	0.07
12808	0.51	0.37	0.12
3938	0.07	0.32	0.61
613	0.26	0.49	0.25
7254	0.47	0.1	0.43
4437	0.61	0.12	0.27
12134	0.49	0.28	0.23
3056	0.69	0.13	0.18
12262	0.56	0.2675	0.1725
8784	0.01	0.04	0.95
14188	0.18	0.25916666666666666	0.5608333333333334
855	0.46	0.41	0.13
10306	1.0	0.0	0.0
10327	0.47	0.11	0.42
2539	0.68	0.13	0.19
14548	0.84	0.09	0.07
6178	0.81	0.11	0.08
11415	0.52	0.43	0.05
14502	0.19	0.46	0.35
5065	0.69	0.19	0.12
12047	0.02	0.9	0.08
62	0.45	0.3	0.25
9600	0.38	0.15	0.47
5774	0.17	0.01	0.82
4798	0.02	0.02	0.96
3931	0.17	0.25	0.58
14135	0.3	0.46	0.24
14331	0.79	0.11	0.1
12672	0.75	0.09	0.16
1127	0.25	0.15	0.6
6522	0.09	0.03	0.88
15153	0.17	0.7	0.13
12303	0.26	0.065	0.675
10378	0.53	0.07	0.4
6624	0.25	0.15	0.6
7755	0.07	0.1	0.83
10678	0.05	0.45	0.5
3378	0.71	0.05	0.24
4696	0.1	0.05	0.85
5749	0.18	0.03	0.79
4440	0.74	0.065	0.195
9387	0.05	0.16	0.79
2172	0.18	0.15	0.67
3289	0.18	0.11	0.71
10211	0.08	0.4	0.52
2161	0.05	0.14	0.81
2434	0.67	0.06	0.27
7707	0.32	0.0	0.68
11898	0.06	0.83	0.11
5727	0.32	0.21	0.47
15109	0.25	0.27	0.48
10827	0.03	0.67	0.3
12535	0.31	0.66	0.03
8471	0.27	0.26	0.47
4794	0.11	0.28	0.61
1858	0.04	0.14	0.82
6595	0.63	0.04	0.33
6736	0.82	0.11	0.07
14414	0.75	0.09	0.16
13900	0.44	0.14	0.42
1156	0.14	0.035	0.825
11788	0.92	0.01	0.07
7725	0.05	0.14	0.81
12949	0.06	0.38	0.56
5001	0.43	0.07	0.5
10673	0.56	0.07	0.37
5416	0.11	0.05	0.84
1146	0.15	0.1	0.75
377	0.56	0.4	0.04
1710	0.61	0.17	0.22
1952	0.46	0.11	0.43
675	0.2	0.55	0.25
9437	0.06	0.1	0.84
200	0.53	0.43	0.04
1358	0.23	0.15	0.62
7239	0.85	0.08	0.07
9397	0.09	0.35	0.56
6991	0.0	0.11	0.89
8074	0.63	0.21	0.16
2680	0.72	0.05	0.23
9082	0.09	0.08	0.83
8221	0.28	0.14	0.58
3578	0.58	0.17	0.25
2816	0.11	0.41761904761904767	0.47238095238095235
12840	0.18	0.4257142857142857	0.3942857142857143
3257	0.24	0.08	0.68
1106	0.06	0.02	0.92
7996	0.34	0.57	0.09
9810	0.65	0.07	0.28
10502	0.56	0.29	0.15
4455	0.16	0.0	0.84
15192	0.05	0.77	0.18
8439	0.72	0.13	0.15
10400	0.76	0.09	0.15
13892	0.5	0.26	0.24
14929	0.78	0.14	0.08
9097	0.12	0.04	0.84
10474	0.44	0.06	0.5
13056	0.62	0.11	0.27
9753	0.1	0.3	0.6
6120	0.77	0.11	0.12
12165	0.92	0.04	0.04
11750	0.26	0.7	0.04
10858	0.02	0.65	0.33
508	0.31	0.46	0.23
2794	0.46	0.36	0.18
12003	0.14	0.49411904761904757	0.3658809523809524
10729	0.01	0.36	0.63
7855	0.16	0.21	0.63
13161	0.69	0.16	0.15
9850	0.73	0.16	0.11
8085	0.37	0.18	0.45
13952	0.49	0.35	0.16
5735	0.43	0.18	0.39
11855	0.17	0.72	0.11
2884	0.52	0.12	0.36
5139	0.5	0.27	0.23
1904	0.225	0.29	0.485
12943	0.7	0.2	0.1
10747	0.09	0.49	0.42
5604	0.06	0.14	0.8
14628	0.03	0.465	0.505
729	0.25	0.7	0.05
11078	0.81	0.1	0.09
2290	0.52	0.275	0.205
11676	0.29	0.61	0.1
5896	0.27	0.38	0.35
4502	0.4	0.11	0.49
13439	0.02	0.95	0.03
4828	0.05	0.0	0.95
4070	0.98	0.02	0.0
14094	0.55	0.35	0.1
9138	0.23	0.1	0.67
6517	0.66	0.17	0.17
10602	0.33	0.12	0.55
9812	0.4	0.34	0.26
8150	0.54	0.35	0.11
3082	0.4	0.15	0.45
11338	0.45	0.36	0.19
1145	0.28	0.12	0.6
1094	0.27	0.09	0.64
8270	0.1	0.11	0.79
2763	0.72	0.095	0.185
9811	0.51	0.12	0.37
80	0.5	0.32	0.18
13188	0.9	0.03	0.07
2136	0.04	0.11	0.85
2238	0.06	0.18	0.76
1887	0.24	0.0	0.76
12162	0.23	0.71	0.06
8186	0.48	0.03	0.49
1266	0.5	0.185	0.315
10479	0.09	0.67	0.24
2885	0.23	0.02	0.75
14411	0.61	0.18	0.21
8772	0.01	0.01	0.98
3887	0.28	0.04	0.68
11789	0.06	0.8	0.14
6075	0.77	0.1	0.13
2297	0.54	0.22	0.24
4482	0.59	0.25	0.16
12082	0.59	0.17	0.24
1031	0.38	0.31	0.31
9828	0.43	0.29	0.28
6376	0.72	0.18	0.1
7703	0.57	0.08	0.35
4947	0.33	0.08	0.59
349	0.22	0.74	0.04
5927	0.84	0.09	0.07
3267	0.09	0.01	0.9
9799	0.33	0.32	0.35
10997	0.12	0.49	0.39
11031	0.54	0.14	0.32
6279	0.77	0.12	0.11
3738	0.8	0.09	0.11
6942	0.77	0.05	0.18
879	0.21	0.46	0.33
7927	0.49	0.36	0.15
6803	0.08	0.19	0.73
7114	0.98	0.0	0.02
6875	0.07	0.02	0.91
11610	0.05	0.71	0.24
5277	0.55	0.08	0.37
9301	0.19	0.06	0.75
12175	0.07	0.81	0.12
11457	0.11	0.81	0.08
2442	0.53	0.22	0.25
60	0.66	0.23	0.11
6441	0.02	0.05	0.93
7979	0.42	0.17	0.41
12620	0.02	0.6998333333333332	0.2801666666666667
1859	0.13	0.3425	0.5275
648	0.34	0.5	0.16
3501	0.15	0.43	0.42
740	0.34	0.62	0.04
8478	0.41	0.13	0.46
10200	0.17	0.1	0.73
344	0.41	0.49	0.1
3355	0.07	0.08	0.85
5387	0.21	0.04	0.75
825	0.26	0.63	0.11
12409	0.47	0.25	0.28
10456	0.19	0.3	0.51
12314	0.48	0.32	0.2
7698	0.36	0.21	0.43
12594	0.85	0.15	0.0
7135	0.86	0.05	0.09
11196	0.05	0.69	0.26
1589	0.85	0.09	0.06
1861	0.38	0.18	0.44
9578	0.37	0.03	0.6
10705	0.13	0.65	0.22
3992	0.84	0.08	0.08
4404	0.79	0.09	0.12
5245	0.59	0.1	0.31
5048	0.09	0.15	0.76
11693	0.49	0.24	0.27
11548	0.17	0.17	0.66
7404	0.54	0.1	0.36
2636	0.64	0.06	0.3
15103	0.27	0.25916666666666666	0.47083333333333327
1412	0.28	0.66	0.06
11993	0.55	0.24	0.21
13122	0.07	0.53	0.4
5659	0.05	0.14	0.81
12000	0.23	0.67	0.1
14917	0.58	0.29	0.13
13051	0.65	0.0475	0.3025
1962	0.59	0.08	0.33
4443	0.64	0.07	0.29
12249	0.76	0.06	0.18
8800	0.0	0.11	0.89
1387	0.12	0.14	0.74
3686	0.55	0.18	0.27
9853	0.81	0.07	0.12
5662	0.09	0.06	0.85
6295	0.4	0.08	0.52
3996	0.74	0.15	0.11
3096	0.54	0.24	0.22
1789	0.37	0.08	0.55
4332	0.06	0.01	0.93
907	0.44	0.17	0.39
11507	0.23	0.57	0.2
6858	0.53	0.15	0.32
10650	0.61	0.04	0.35
7265	0.76	0.13	0.11
11566	0.87	0.09	0.04
14245	0.39	0.345	0.265
14594	0.32	0.56	0.12
8169	0.03	0.03	0.94
7983	0.08	0.21	0.71
10983	0.03	0.7	0.27
2103	0.23	0.07	0.7
14691	0.1	0.03	0.87
10334	0.48	0.25	0.27
8520	0.56	0.03	0.41
133	0.49	0.3	0.21
3986	0.78	0.11	0.11
13926	0.65	0.28	0.07
14230	0.96	0.01	0.03
14982	0.24	0.2025	0.5575
13957	0.32	0.15	0.53
14132	0.05	0.92	0.03
14288	0.25	0.63	0.12
5498	0.07	0.2	0.73
10875	0.12	0.59	0.29
3025	0.43	0.19	0.38
10138	0.54	0.22	0.24
178	0.32	0.6	0.08
5232	0.6	0.06	0.34
11580	0.75	0.21	0.04
9649	0.12	0.39	0.49
4712	0.045	0.18	0.775
13902	0.2	0.74	0.06
6326	0.59	0.19	0.22
12233	0.75	0.02	0.23
5866	0.54	0.065	0.395
5709	0.61	0.1	0.29
13938	0.2	0.64	0.16
4636	0.11	0.21	0.68
2929	0.58	0.115	0.305
335	0.09	0.82	0.09
9428	0.06	0.46	0.48
12756	0.59	0.22	0.19
1152	0.31	0.11	0.58
14035	0.47	0.45	0.08
4159	0.43	0.1	0.47
3297	0.19	0.1	0.71
3948	0.53	0.14	0.33
10476	0.35	0.24	0.41
10902	0.14	0.26	0.6
8245	0.11	0.04	0.85
11924	0.11	0.58	0.31
2697	0.4	0.35	0.25
11711	0.32	0.2	0.48
4109	0.73	0.1	0.17
4523	0.77	0.11	0.12
14589	0.98	0.0	0.02
12724	0.34	0.61	0.05
9258	0.04	0.14	0.82
1014	0.18	0.11	0.71
15261	0.2	0.2841666666666667	0.5158333333333333
5733	0.41	0.11	0.48
11100	0.0	0.8733333333333333	0.12666666666666665
4856	0.0	0.01	0.99
12590	0.81	0.18	0.01
14399	0.67	0.15	0.18
2557	0.65	0.18	0.17
3710	0.78	0.12	0.1
11579	0.49	0.065	0.445
4119	0.55	0.19	0.26
123	0.66	0.23	0.11
1800	0.11	0.295	0.595
11992	0.35	0.355	0.295
3900	0.08	0.24	0.68
5723	0.17	0.55	0.28
5720	0.12	0.28	0.6
14811	0.66	0.21	0.13
5940	0.81	0.12	0.07
5670	0.11	0.45	0.44
11678	0.09	0.84	0.07
11589	0.67	0.09	0.24
8135	0.02	0.28	0.7
15128	0.18	0.5475	0.27249999999999996
11912	0.42	0.21	0.37
13884	0.27	0.7	0.03
7084	0.16	0.12	0.72
2724	0.61	0.09	0.3
11211	0.55	0.14	0.31
1108	0.21	0.18	0.61
11272	0.82	0.07	0.11
5541	0.03	0.02	0.95
3893	0.0	0.02	0.98
3416	0.35	0.215	0.435
2693	0.76	0.04	0.2
11331	0.62	0.28	0.1
10001	0.51	0.3	0.19
8298	0.67	0.1	0.23
4027	0.56	0.35	0.09
13505	0.64	0.15	0.21
14856	0.17	0.64	0.19
10734	0.13	0.54	0.33
12882	0.31	0.35	0.34
12809	0.07	0.7142857142857144	0.2157142857142857
5341	0.13	0.44	0.43
14584	0.66	0.2	0.14
7117	0.66	0.25	0.09
12555	0.96	0.03	0.01
476	0.18	0.69	0.13
12287	0.01	0.8473333333333332	0.14266666666666666
5400	0.06	0.08	0.86
8021	0.74	0.12	0.14
14520	0.19	0.4725	0.3375
9749	0.2	0.26	0.54
14468	0.43	0.35	0.22
3633	0.45	0.165	0.385
4524	0.19	0.44	0.37
8818	0.05	0.21	0.74
15111	0.47	0.38	0.15
10979	0.64	0.2	0.16
4846	0.18	0.03	0.79
2795	0.69	0.11	0.2
2959	0.76	0.14	0.1
5811	0.4	0.07	0.53
10751	0.0	0.27	0.73
8803	0.5	0.25	0.25
7499	0.0	0.08	0.92
14573	0.71	0.22	0.07
2066	0.05	0.05	0.9
7037	0.15	0.16	0.69
3520	0.0	0.11	0.89
8427	0.85	0.04	0.11
1371	0.27	0.11	0.62
2920	0.48	0.1	0.42
71	0.61	0.26	0.13
14211	0.26	0.67	0.07
3937	0.83	0.03	0.14
1183	0.3	0.07	0.63
3787	0.25	0.04	0.71
3972	0.86	0.04	0.1
12622	0.08	0.72	0.2
10932	0.19	0.75	0.06
5536	0.02	0.0	0.98
13168	0.49	0.255	0.255
8001	0.51	0.29	0.2
9623	0.17	0.17	0.66
11986	0.27	0.55	0.18
1261	0.19	0.08	0.73
13452	0.33	0.105	0.565
10440	0.76	0.09	0.15
6914	0.68	0.2	0.12
14566	0.62	0.11	0.27
4157	0.53	0.1	0.37
8148	0.25	0.12	0.63
15065	0.62	0.065	0.315
1722	0.87	0.08	0.05
9423	0.12	0.33799999999999997	0.542
565	0.27	0.48	0.25
2579	0.61	0.2	0.19
10466	0.12	0.75	0.13
13364	0.45	0.47	0.08
5205	0.59	0.1	0.31
9085	0.1	0.09	0.81
6430	0.03	0.01	0.96
4666	0.13	0.13	0.74
837	0.1	0.82	0.08
4774	0.0	0.12	0.88
1447	0.24	0.69	0.07
12207	0.29	0.42	0.29
10785	0.01	0.16	0.83
1461	0.25	0.63	0.12
1119	0.26	0.22	0.52
10915	0.06	0.9	0.04
15062	0.36	0.2733333333333333	0.36666666666666664
12613	1.0	0.0	0.0
769	0.16	0.77	0.07
401	0.19	0.7	0.11
6419	0.02	0.28	0.7
3167	0.51	0.16	0.33
13119	0.18	0.78	0.04
9627	0.34	0.11	0.55
8228	0.56	0.12	0.32
4249	0.51	0.18	0.31
6300	0.35	0.35	0.3
14052	0.6	0.21	0.19
13150	0.18	0.69	0.13
1854	0.41	0.09	0.5
8849	0.01	0.13	0.86
9573	0.47	0.2	0.33
11538	0.51	0.135	0.355
13179	0.14	0.46	0.4
12444	0.05	0.8	0.15
4775	0.09	0.03	0.88
6216	0.81	0.12	0.07
12694	0.55	0.19	0.26
83	0.49	0.35	0.16
2024	0.4	0.13	0.47
7771	0.0	0.16	0.84
12996	0.93	0.05	0.02
1623	0.84	0.09	0.07
5096	0.85	0.07	0.08
10147	0.66	0.2	0.14
5312	0.46	0.24	0.3
7127	0.69	0.28	0.03
12397	0.36	0.46	0.18
3083	0.68	0.22	0.1
87	0.6	0.26	0.14
11866	0.95	0.04	0.01
10453	0.15	0.19	0.66
282	0.22	0.75	0.03
1105	0.14	0.23	0.63
8235	0.62	0.01	0.37
6316	0.26	0.3	0.44
2380	0.47	0.27	0.26
8286	0.18	0.22	0.6
14404	0.22	0.71	0.07
11906	0.29	0.62	0.09
13547	0.37	0.45	0.18
11298	0.8	0.17	0.03
8855	0.16	0.07	0.77
14476	0.75	0.2	0.05
11513	0.09	0.52	0.39
14735	0.48	0.51	0.01
14287	0.29	0.385	0.325
5241	0.65	0.02	0.33
6217	0.6	0.28	0.12
57	0.38	0.26	0.36
492	0.28	0.53	0.19
12690	0.31	0.43	0.26
13756	0.64	0.23	0.13
8442	0.71	0.11	0.18
15214	0.25	0.6	0.15
589	0.46	0.49	0.05
15257	0.65	0.17	0.18
14601	0.49	0.065	0.445
6636	0.23	0.1	0.67
1914	0.14	0.0	0.86
7714	0.17	0.03	0.8
10220	0.1	0.61	0.29
13567	0.51	0.18	0.31
8586	0.79	0.04	0.17
802	0.25	0.56	0.19
11757	0.17	0.5924999999999999	0.2375
8180	0.01	0.01	0.98
3586	0.17	0.11	0.72
3782	0.4	0.02	0.58
13098	0.18	0.7113333333333333	0.10866666666666665
13837	0.53	0.32	0.15
6287	0.568	0.05	0.382
4483	0.4	0.22	0.38
9533	0.23	0.195	0.575
8103	0.314	0.07	0.616
4487	0.87	0.08	0.05
1238	0.66	0.19	0.15
7551	0.04	0.03	0.93
2282	0.54	0.155	0.305
5295	0.57	0.11	0.32
1134	0.22	0.05	0.73
1875	0.24	0.0	0.76
13754	0.63	0.14	0.23
7307	0.06	0.09	0.85
6564	0.51	0.26	0.23
13367	0.24	0.56	0.2
12290	0.46	0.155	0.385
14229	0.26	0.54	0.2
11162	0.56	0.15	0.29
13711	0.3	0.33	0.37
12572	0.2	0.59	0.21
2209	0.52	0.29	0.19
11407	0.05	0.85	0.1
7774	0.04	0.02	0.94
13318	0.19	0.56	0.25
5892	0.15	0.02	0.83
4593	0.69	0.12	0.19
10325	0.72	0.06	0.22
10633	0.45	0.26	0.29
12501	0.52	0.19	0.29
6011	0.69	0.19	0.12
1206	0.11	0.005	0.885
14630	0.93	0.06	0.01
13693	0.15	0.43	0.42
12383	0.71	0.29	0.0
13258	0.25	0.43	0.32
7649	0.46	0.12	0.42
3028	0.56	0.19	0.25
5411	0.08	0.16	0.76
6576	0.67	0.1	0.23
603	0.48	0.41	0.11
9323	0.05	0.03	0.92
4137	0.47	0.07	0.46
10382	0.35	0.28	0.37
4019	0.66	0.16	0.18
13413	0.55	0.18	0.27
3417	0.49	0.31	0.2
11005	0.18	0.46	0.36
3023	0.41	0.18	0.41
9966	0.03	0.09	0.88
10102	0.11	0.19	0.7
3451	0.0	0.07	0.93
10972	0.09	0.58	0.33
4380	0.3	0.11	0.59
3808	0.06	0.14	0.8
4214	0.26	0.44	0.3
10156	0.19	0.65	0.16
2401	0.52	0.345	0.135
9461	0.16	0.34	0.5
862	0.12	0.75	0.13
10605	0.44	0.07	0.49
3696	0.82625	0.0	0.17375
6161	0.54	0.34	0.12
14431	0.51	0.3	0.19
11090	0.14	0.67	0.19
11018	0.01	0.26	0.73
15156	0.1	0.62	0.28
296	0.44	0.42	0.14
2071	0.1	0.165	0.735
3367	0.19	0.09	0.72
505	0.42	0.44	0.14
7675	0.65	0.16	0.19
2227	0.02	0.0	0.98
2192	0.37	0.11	0.52
10572	0.22	0.17	0.61
12310	0.23	0.59	0.18
13702	0.69	0.17	0.14
12192	0.28	0.4041666666666666	0.3158333333333333
10401	0.38	0.29	0.33
2968	0.77	0.12	0.11
7187	0.01	0.01	0.98
12610	0.87	0.08	0.05
5996	0.72	0.24	0.04
10035	0.7	0.21	0.09
5037	0.18	0.035	0.785
2652	0.47	0.26	0.27
1621	0.74	0.12	0.14
13360	0.22	0.2	0.58
11658	0.06	0.73	0.21
486	0.17	0.71	0.12
13864	0.3	0.31916666666666665	0.3808333333333333
7103	0.24	0.24	0.52
6932	0.97	0.01	0.02
4847	0.06	0.01	0.93
4431	0.85	0.025	0.125
3965	0.84	0.06	0.1
10986	0.02	0.63	0.35
9198	0.02	0.04	0.94
10055	0.78	0.08	0.14
5716	0.17	0.2	0.63
13550	0.39	0.47	0.14
13641	0.17800000000000002	0.55	0.272
2865	0.06	0.26	0.68
8114	0.08	0.13	0.79
12821	0.42	0.3625	0.2175
8682	0.58	0.11	0.31
6545	0.11	0.19	0.7
8433	0.24	0.2	0.56
7837	0.45	0.05	0.5
10408	0.37	0.33	0.3
9122	0.15	0.35	0.5
1055	0.23	0.02	0.75
2040	0.17	0.195	0.635
2020	0.71	0.1	0.19
11074	0.57	0.06	0.37
4002	0.58	0.34	0.08
4819	0.0	0.01	0.99
2003	0.84	0.02	0.14
8372	0.045	0.01	0.945
5199	0.86	0.06	0.08
9752	0.16	0.1	0.74
5549	0.04	0.06	0.9
788	0.2	0.71	0.09
6897	0.67	0.12	0.21
10959	0.1	0.56	0.34
13681	0.21	0.29	0.5
15122	0.9	0.07	0.03
15161	0.45	0.28	0.27
7342	0.22	0.14	0.64
3950	0.19	0.7	0.11
7205	0.22	0.11	0.67
9918	0.13	0.05	0.82
10805	0.05	0.745	0.205
4008	0.67	0.19	0.14
4923	0.2	0.1775	0.6225
6241	0.77	0.16	0.07
1557	0.93	0.05	0.02
1783	0.27	0.05	0.68
10278	0.15	0.38	0.47
440	0.23	0.56	0.21
14150	0.33	0.5	0.17
3050	0.41	0.32	0.27
3588	0.17	0.1	0.73
171	0.64	0.26	0.1
9259	0.07	0.05	0.88
4889	0.06	0.02	0.92
10694	0.23	0.43	0.34
4917	0.24	0.11416666666666668	0.6458333333333335
5982	0.65	0.27	0.08
3539	0.01	0.04	0.95
8893	0.16	0.13	0.71
10825	0.2	0.21	0.59
4474	0.0	0.12	0.88
9656	0.12	0.05	0.83
6702	0.77	0.11	0.12
3859	0.87	0.02	0.11
4574	0.59	0.27	0.14
7409	0.81	0.09	0.1
9882	0.35	0.49	0.16
5405	0.04	0.02	0.94
2033	0.04	0.145	0.815
9509	0.38	0.26	0.36
12099	0.1	0.5358333333333333	0.36416666666666664
8985	0.06	0.04	0.9
1477	0.2	0.59	0.21
323	0.07	0.9	0.03
7596	0.81	0.08	0.11
6895	0.89	0.06	0.05
3331	0.4	0.08	0.52
14543	0.61	0.29	0.1
8414	0.97	0.01	0.02
7589	0.58	0.12	0.3
4862	0.11	0.04	0.85
472	0.31	0.49	0.2
4423	0.58	0.24	0.18
7361	0.3	0.23	0.47
4305	0.13	0.07	0.8
8564	0.53	0.06	0.41
1849	0.51	0.18	0.31
7325	0.41	0.03	0.56
7069	0.71	0.23	0.06
14130	0.4	0.36	0.24
3942	0.17	0.07	0.76
11421	0.06	0.89	0.05
13351	0.2	0.73	0.07
6920	0.88	0.06	0.06
7739	0.02	0.1	0.88
12560	0.22	0.39	0.39
6662	0.26	0.62	0.12
8651	0.41	0.02	0.57
11430	0.14	0.43	0.43
8705	0.41	0.14	0.45
13569	0.48	0.17	0.35
5773	0.03	0.03	0.94
15075	0.69	0.12	0.19
4373	0.2	0.045	0.755
5127	0.74	0.07	0.19
4432	0.21	0.3	0.49
2765	0.33	0.14	0.53
8977	0.12	0.05	0.83
1544	0.82	0.09	0.09
10813	0.14	0.41	0.45
10140	0.65	0.21	0.14
4916	0.45	0.03	0.52
9750	0.13	0.23	0.64
14897	0.54	0.33	0.13
3154	0.35	0.26	0.39
6078	0.79	0.13	0.08
11351	0.44	0.42	0.14
447	0.24	0.42	0.34
13233	0.2	0.69	0.11
14838	0.66	0.27	0.07
11215	0.57	0.28	0.15
13398	0.25	0.61	0.14
8672	0.59	0.03	0.38
12055	0.15	0.77	0.08
14526	0.34	0.5	0.16
13852	0.73	0.2	0.07
10360	0.73	0.03	0.24
1878	0.14	0.01	0.85
8034	0.73	0.2	0.07
2506	0.72	0.07	0.21
12185	0.79	0.08	0.13
9907	0.02	0.08	0.9
1717	0.59	0.25	0.16
14604	0.55	0.045	0.405
13261	0.15	0.82	0.03
7032	0.04	0.04	0.92
7822	0.27	0.125	0.605
14603	0.57	0.14	0.29
10289	0.79	0.05	0.16
7584	0.84	0.07	0.09
3002	0.6	0.11	0.29
4144	0.25	0.3	0.45
14477	0.3	0.48	0.22
5160	0.89	0.06	0.05
3009	0.45	0.095	0.455
930	0.43	0.12	0.45
15112	0.11	0.57	0.32
13255	0.2	0.45583333333333337	0.34416666666666673
9487	0.2	0.27	0.53
3716	0.84	0.12	0.04
4193	0.66	0.14	0.2
3238	0.08	0.1	0.82
10452	0.41	0.04	0.55
13020	0.39	0.56	0.05
5321	0.29	0.46	0.25
7478	0.13	0.09	0.78
9575	0.13	0.32	0.55
597	0.18	0.78	0.04
2358	0.64	0.18	0.18
6356	0.24	0.04	0.72
7999	0.43	0.24	0.33
5042	0.75	0.04	0.21
13217	0.26	0.25666666666666665	0.4833333333333333
3929	0.18	0.11	0.71
13648	0.06	0.8	0.14
3317	0.155	0.1	0.745
1229	0.57	0.26	0.17
9899	0.05	0.14	0.81
6051	0.91	0.06	0.03
1636	0.85	0.12	0.03
7760	0.0	0.1	0.9
14879	0.28	0.07	0.65
807	0.24	0.67	0.09
11238	0.58	0.12	0.3
6032	0.47	0.41	0.12
7352	0.15	0.17	0.68
3704	0.94	0.06	0.0
8195	0.6	0.07	0.33
10603	0.61	0.08	0.31
10470	0.09	0.06	0.85
3362	0.7	0.16	0.14
11996	0.29	0.59	0.12
8958	0.02	0.09	0.89
5503	0.02	0.08	0.9
232	0.32	0.65	0.03
14863	1.0	0.0	0.0
13673	0.33	0.5	0.17
6513	0.62	0.01	0.37
8881	0.0	0.04	0.96
6692	0.92	0.03	0.05
13001	0.23	0.26	0.51
4363	0.07	0.19	0.74
236	0.4	0.43	0.17
11207	0.05	0.57	0.38
10272	0.21	0.55	0.24
1624	0.67	0.13	0.2
11148	0.53	0.21	0.26
3472	0.12	0.09	0.79
10283	0.63	0.08	0.29
10253	0.6	0.22	0.18
13311	0.52	0.065	0.415
1727	0.63	0.18	0.19
8639	0.42	0.02	0.56
13029	0.28	0.68	0.04
4608	0.51	0.3	0.19
10863	0.01	0.15	0.84
14869	0.54	0.085	0.375
5916	0.21	0.64	0.15
14436	0.09	0.53	0.38
6233	0.69	0.17	0.14
4485	0.56	0.26	0.18
3659	0.55	0.22	0.23
638	0.12	0.65	0.23
5324	0.55	0.09	0.36
9169	0.11	0.08	0.81
15082	0.63	0.19	0.18
10809	0.01	0.33	0.66
1580	0.91	0.05	0.04
9248	0.16	0.04	0.8
8996	0.0	0.11	0.89
350	0.24	0.67	0.09
6171	0.86	0.08	0.06
9371	0.03	0.05	0.92
760	0.2	0.73	0.07
4815	0.03	0.1	0.87
7197	0.17	0.05	0.78
5150	0.97	0.01	0.02
616	0.2	0.74	0.06
4509	0.88	0.09	0.03
7912	0.37333333333333335	0.34666666666666673	0.28
4086	0.65	0.3	0.05
7297	0.09	0.04	0.87
13772	0.17	0.69	0.14
1801	0.53	0.1	0.37
8134	0.53	0.12	0.35
3187	0.33	0.03	0.64
3253	0.05	0.15	0.8
923	0.33	0.13	0.54
7974	0.18	0.09	0.73
4143	0.2	0.43	0.37
6893	0.37	0.04	0.59
9288	0.08	0.05	0.87
14348	0.2	0.74	0.06
12372	0.62	0.2	0.18
3403	0.51	0.21	0.28
12445	0.15	0.6743333333333332	0.17566666666666667
8706	0.62	0.12	0.26
725	0.09	0.87	0.04
1444	0.31	0.65	0.04
3400	0.58	0.17	0.25
1037	0.04	0.05	0.91
14338	0.16	0.41333333333333333	0.42666666666666664
2975	0.8	0.17	0.03
3269	0.05	0.02	0.93
3637	0.35	0.49	0.16
5639	0.05	0.17	0.78
11308	0.84	0.07	0.09
2842	0.39	0.08	0.53
7385	0.53	0.03	0.44
870	0.29	0.47	0.24
11299	0.73	0.13	0.14
6358	0.16	0.02	0.82
2289	0.42	0.155	0.425
1160	0.18	0.27	0.55
6694	0.9	0.05	0.05
7429	0.38	0.14	0.48
15022	0.69	0.21	0.1
12406	0.47	0.155	0.375
818	0.45	0.46	0.09
12923	0.1	0.71	0.19
2076	0.19	0.07	0.74
6063	0.69	0.05	0.26
12992	0.57	0.37	0.06
7108	0.09	0.71	0.2
8277	0.09	0.21	0.7
9365	0.19	0.12	0.69
195	0.39	0.44	0.17
13054	0.12	0.32	0.56
4048	0.83	0.08	0.09
604	0.25	0.69	0.06
1593	0.7	0.15	0.15
12072	0.58	0.15	0.27
8562	0.28	0.08	0.64
5500	0.02	0.01	0.97
826	0.11	0.74	0.15
11773	0.13	0.8	0.07
5632	0.04	0.12	0.84
7861	0.26	0.21	0.53
9416	0.37	0.3	0.33
3789	0.245	0.15	0.605
1220	0.22	0.39	0.39
188	0.66	0.28	0.06
9670	0.25	0.08	0.67
11942	0.08	0.76	0.16
10238	0.56	0.27	0.17
7062	0.25	0.15	0.6
13291	0.52	0.0875	0.3925
12807	0.12	0.84	0.04
4718	0.1	0.08	0.82
8695	0.49	0.11	0.4
13974	0.88	0.04	0.08
10607	0.55	0.05	0.4
785	0.26	0.56	0.18
7997	0.14	0.76	0.1
5934	0.57	0.16	0.27
2999	0.61	0.33	0.06
6223	0.87	0.08	0.05
3181	0.3	0.32	0.38
6155	0.7	0.2	0.1
15238	0.63	0.18	0.19
8037	0.59	0.2	0.21
7489	0.0	0.15	0.85
309	0.05	0.87	0.08
11707	0.5	0.43	0.07
1487	0.51	0.13	0.36
3439	0.47	0.17	0.36
13037	0.08	0.72	0.2
10004	0.36	0.49	0.15
723	0.17	0.71	0.12
3298	0.12	0.06	0.82
8043	0.78	0.19	0.03
5432	0.03	0.06	0.91
3993	0.55	0.17	0.28
8929	0.06	0.27	0.67
5648	0.04	0.1	0.86
5119	0.89	0.01	0.1
5976	0.66	0.21	0.13
3445	0.32	0.29	0.39
4601	0.62	0.05	0.33
13198	0.59	0.25	0.16
11146	0.01	0.92	0.07
3377	0.68	0.21	0.11
2312	0.39	0.34	0.27
9333	0.1	0.08	0.82
5819	0.71	0.15	0.14
9145	0.06	0.09	0.85
3914	0.46	0.04	0.5
4626	0.06	0.06	0.88
13506	0.27	0.63	0.1
15031	0.9	0.05	0.05
4880	0.1	0.06	0.84
3461	0.04	0.24	0.72
5168	0.85	0.04	0.11
13274	0.43	0.28	0.29
5471	0.02	0.09	0.89
3089	0.67	0.12	0.21
9389	0.13	0.14	0.73
5489	0.05	0.01	0.94
474	0.14	0.74	0.12
7358	0.15	0.26	0.59
14274	0.4	0.47	0.13
14829	0.17	0.7	0.13
12862	0.25	0.4	0.35
9893	0.01	0.06	0.93
14796	0.09	0.33	0.58
90	0.37	0.56	0.07
2210	0.28	0.5	0.22
5358	0.29	0.06	0.65
1100	0.27	0.25	0.48
4049	0.92	0.05	0.03
5	0.47	0.45	0.08
10104	0.17	0.22	0.61
420	0.32	0.62	0.06
4565	0.5	0.44	0.06
12224	0.19	0.72	0.09
11932	0.91	0.08	0.01
11897	0.16	0.76	0.08
8048	0.76	0.22	0.02
2194	0.27	0.08	0.65
209	0.42	0.45	0.13
10489	0.94	0.06	0.0
5737	0.55	0.17	0.28
7003	0.01	0.02	0.97
12817	0.27	0.195	0.535
5546	0.1	0.09	0.81
4830	0.1	0.05	0.85
4099	0.81	0.06	0.13
1349	0.22	0.41	0.37
4358	0.07	0.07	0.86
12615	0.09	0.5998333333333332	0.31016666666666665
12142	0.66	0.12	0.22
14267	0.47	0.39	0.14
1035	0.01	0.1	0.89
949	0.4	0.01	0.59
683	0.37	0.61	0.02
9943	0.01	0.03	0.96
234	0.5	0.43	0.07
6222	0.67	0.23	0.1
7658	0.2	0.29	0.51
13095	0.3	0.33	0.37
14817	0.57	0.19	0.24
1819	0.55	0.21	0.24
13661	0.62	0.21	0.17
12825	0.88	0.03	0.09
4390	0.27	0.19	0.54
1121	0.02	0.05	0.93
3767	0.67	0.12	0.21
4088	0.78	0.1	0.12
233	0.28	0.62	0.1
3626	0.07	0.07	0.86
7558	0.22	0.21	0.57
329	0.31	0.51	0.18
12485	0.62	0.26	0.12
3982	0.58	0.26	0.16
6049	0.76	0.14	0.1
1874	0.31	0.08	0.61
1994	0.63	0.13	0.24
12566	0.14	0.62	0.24
517	0.04	0.91	0.05
12589	0.65	0.19	0.16
479	0.33	0.51	0.16
15171	0.55	0.07	0.38
11718	0.5	0.22	0.28
5582	0.01	0.12	0.87
13946	0.42	0.54	0.04
13195	0.34	0.61	0.05
6551	0.13	0.09	0.78
650	0.29	0.45	0.26
13178	0.66	0.17	0.17
10917	0.01	0.68	0.31
9774	0.25	0.13	0.62
3629	0.24	0.7	0.06
9959	0.02	0.01	0.97
2518	0.62	0.25	0.13
11692	0.03	0.94	0.03
13812	0.47	0.17666666666666664	0.3533333333333333
5772	0.23	0.0675	0.7025
10328	0.39	0.3	0.31
5786	0.22	0.03	0.75
2798	0.55	0.045	0.405
7981	0.28	0.22	0.5
10804	0.0	0.71	0.29
5401	0.02	0.14	0.84
1259	0.47	0.19	0.34
12977	0.18	0.58	0.24
2214	0.2	0.2	0.6
1891	0.14	0.02	0.84
11828	0.04	0.9	0.06
7924	0.48	0.075	0.445
15083	0.24	0.69	0.07
2437	0.58	0.23	0.19
10667	0.6	0.03	0.37
4078	0.53	0.115	0.355
11346	0.21	0.68	0.11
11191	0.02	0.91	0.07
10831	0.145	0.56	0.295
9128	0.05	0.12	0.83
5380	0.01	0.05	0.94
9968	0.18	0.09	0.73
12464	0.07	0.563	0.36699999999999994
2430	0.28	0.14	0.58
4217	0.4	0.36	0.24
13923	0.22	0.6	0.18
2571	0.53	0.23	0.24
5903	0.2	0.08	0.72
5407	0.02	0.1	0.88
7215	0.13	0.42	0.45
2825	0.12	0.17416666666666664	0.7058333333333334
9175	0.06	0.05	0.89
10307	0.54	0.28	0.18
7706	0.42	0.09	0.49
11394	0.03	0.76	0.21
2687	0.51	0.23	0.26
13570	0.58	0.22	0.2
3837	0.7	0.13	0.17
13317	0.31	0.54	0.15
7647	0.55	0.03	0.42
9405	0.16	0.16	0.68
95	0.35	0.48	0.17
14116	0.25	0.6	0.15
14454	0.16	0.72	0.12
12079	0.73	0.22	0.05
3455	0.04	0.02	0.94
7803	0.21	0.17	0.62
6497	0.66	0.28	0.06
12892	0.24	0.5741666666666666	0.18583333333333335
6613	0.2	0.35	0.45
6092	0.71	0.15	0.14
1585	0.77	0.16	0.07
5017	0.07	0.05	0.88
3127	0.42	0.09	0.49
12675	0.2	0.65	0.15
6553	0.11	0.2	0.69
13517	0.39	0.54	0.07
8774	0.14	0.08	0.78
2767	0.62	0.2	0.18
82	0.47	0.32	0.21
2239	0.03	0.0	0.97
11256	0.17	0.66	0.17
2850	0.49	0.15	0.36
7492	0.17	0.19	0.64
1643	0.92	0.06	0.02
12413	0.2	0.75	0.05
2820	0.54	0.11	0.35
13656	0.49	0.055	0.455
13580	0.46	0.2	0.34
9983	0.48	0.03	0.49
9535	0.25	0.11	0.64
6122	0.6	0.22	0.18
6764	0.58	0.0	0.42
4307	0.05	0.04	0.91
7942	0.17	0.4	0.43
12189	0.27	0.61	0.12
15196	0.16	0.29	0.55
8754	0.28	0.11	0.61
13340	0.3	0.24	0.46
12286	0.1	0.03	0.87
1974	0.7	0.12	0.18
5478	0.02	0.02	0.96
13418	0.56	0.31	0.13
13765	0.87	0.11	0.02
2784	0.49	0.065	0.445
14528	0.33	0.26666666666666666	0.40333333333333327
11858	0.88	0.1	0.02
14755	0.76	0.13	0.11
412	0.54	0.32	0.14
10533	0.55	0.25	0.2
13780	0.68	0.12	0.2
368	0.08	0.8	0.12
3441	0.42	0.1	0.48
1691	0.69	0.24	0.07
6724	0.68	0.15	0.17
12752	0.24	0.735	0.025
9691	0.27	0.14	0.59
6048	0.67	0.19	0.14
14704	0.3	0.56	0.14
8086	0.89	0.06	0.05
12471	0.9	0.09	0.01
4415	0.76	0.0075	0.2325
5437	0.0	0.09	0.91
13612	0.38	0.46	0.16
10077	0.71	0.15	0.14
5700	0.21	0.05	0.74
1939	0.295	0.06	0.645
9067	0.1	0.3	0.6
3643	0.66	0.22	0.12
5218	0.54	0.06	0.4
10414	0.41	0.13	0.46
11195	0.67	0.2	0.13
10404	0.6	0.07	0.33
3104	0.59	0.035	0.375
5910	0.13	0.175	0.695
8693	0.34	0.45	0.21
1467	0.31	0.59	0.1
10135	0.18	0.72	0.1
12026	0.38	0.16	0.46
4236	0.59	0.12	0.29
2600	0.36	0.51	0.13
2740	0.52	0.06	0.42
9564	0.74	0.18	0.08
5137	0.78	0.12	0.1
9543	0.42	0.08	0.5
4988	0.26	0.28	0.46
2267	0.43	0.45	0.12
199	0.33	0.63	0.04
12647	0.73	0.12	0.15
12909	0.76	0.13	0.11
7370	0.75	0.14	0.11
5188	0.57	0.17	0.26
5468	0.13	0.23	0.64
2482	0.38	0.43	0.19
1695	0.67	0.27	0.06
3306	0.26	0.1	0.64
2274	0.26	0.59	0.15
10359	0.63	0.27	0.1
9103	0.07	0.03	0.9
1457	0.25	0.72	0.03
9390	0.05	0.16	0.79
15015	0.43	0.155	0.415
7419	0.82	0.15	0.03
4127	0.32	0.04	0.64
9099	0.1	0.15	0.75
11179	0.07	0.77	0.16
3303	0.37	0.09	0.54
7203	0.12	0.15	0.73
11785	0.04	0.86	0.1
11188	0.15	0.48	0.37
11315	0.21	0.75	0.04
10942	0.01	0.94	0.05
2347	0.66	0.23	0.11
450	0.13	0.65	0.22
13005	0.4	0.44	0.16
5338	0.22	0.15	0.63
6238	0.42	0.44	0.14
455	0.29	0.69	0.02
10684	0.15	0.17	0.68
14988	0.45	0.23666666666666664	0.3133333333333333
2156	0.06	0.07	0.87
2082	0.17	0.11	0.72
14153	0.04	0.95	0.01
4792	0.42	0.1	0.48
218	0.51	0.19	0.3
301	0.17	0.75	0.08
13272	0.1	0.88	0.02
3786	0.09	0.055	0.855
13814	0.28	0.28	0.44
3042	0.58	0.13	0.29
1563	0.76	0.16	0.08
9476	0.03	0.06	0.91
12241	0.71	0.13	0.16
7531	0.84	0.04	0.12
4506	0.91	0.02	0.07
12767	0.58	0.24	0.18
14517	0.19	0.7	0.11
10111	0.13	0.15	0.72
9340	0.12	0.1	0.78
5093	0.92	0.04	0.04
5837	0.17	0.1	0.73
12251	0.49	0.205	0.305
7282	0.72	0.14	0.14
14196	0.2	0.69	0.11
9005	0.08	0.06	0.86
9296	0.01	0.19	0.8
2755	0.66	0.14	0.2
2128	0.11	0.18	0.71
11635	0.37	0.5	0.13
14527	0.22	0.68	0.1
14369	0.62	0.18	0.2
14472	0.16	0.0	0.84
1730	0.65	0.18	0.17
5715	0.06	0.09	0.85
14809	0.31	0.24500000000000008	0.44500000000000006
3502	0.05	0.05	0.9
3927	0.68	0.23	0.09
8643	0.47	0.31	0.22
7977	0.29	0.11	0.6
8218	0.27	0.52	0.21
10822	0.02	0.63	0.35
4383	0.21	0.06	0.73
2249	0.1	0.06	0.84
2828	0.25	0.32	0.43
14767	0.12	0.53	0.35
918	0.27	0.25	0.48
434	0.16	0.79	0.05
8178	0.07	0.09	0.84
7847	0.28	0.15	0.57
2683	0.71	0.1	0.19
7708	0.38	0.13	0.49
259	0.7	0.25	0.05
11761	0.4	0.33	0.27
7388	0.19	0.09	0.72
4167	0.07	0.4	0.53
6012	1.0	0.0	0.0
12553	0.21	0.66	0.13
14387	0.55	0.065	0.385
1645	0.84	0.1	0.06
7723	0.1	0.37	0.53
3532	0.03	0.14	0.83
5125	0.65	0.2	0.15
2961	0.675	0.11	0.215
4410	0.79	0.05	0.16
3689	0.87	0.06	0.07
3886	0.08	0.16	0.76
4124	0.1	0.4475	0.4525
6296	0.568	0.01	0.42200000000000004
1369	0.32	0.1	0.58
3816	0.25	0.16	0.59
4706	0.17	0.18	0.65
13313	0.35	0.41	0.24
6173	0.44	0.3	0.26
8192	0.41	0.04	0.55
9739	0.21	0.32	0.47
10867	0.05	0.59	0.36
10990	0.08	0.49	0.43
6198	0.5	0.19	0.31
12820	0.75	0.2	0.05
5165	0.46	0.26	0.28
7350	0.15	0.02	0.83
6713	1.0	0.0	0.0
9668	0.15	0.02	0.83
12188	0.65	0.16	0.19
1611	0.75	0.17	0.08
5643	0.02	0.07	0.91
13465	0.45	0.38	0.17
6496	0.27	0.52	0.21
8853	0.05	0.08	0.87
661	0.08	0.72	0.2
1199	0.29	0.19	0.52
5450	0.04	0.04	0.92
7365	0.44	0.13	0.43
394	0.37	0.6	0.03
11008	0.09	0.82	0.09
9938	0.05	0.02	0.93
8553	0.58	0.14	0.28
10509	0.61	0.03	0.36
14359	0.39	0.25	0.36
12427	0.13	0.02	0.85
9861	0.39	0.38	0.23
11409	0.71	0.095	0.195
2845	0.44	0.06	0.5
13669	0.22	0.26	0.52
6975	0.0	0.0	1.0
5864	0.02	0.02	0.96
4039	0.58	0.3	0.12
13127	0.3	0.2	0.5
7439	0.91	0.05	0.04
15184	0.4	0.3131666666666667	0.2868333333333333
13334	0.03	0.89	0.08
8621	0.48	0.13	0.39
3647	0.67	0.21	0.12
4781	0.02	0.09	0.89
6169	0.72	0.16	0.12
5574	0.14	0.04	0.82
686	0.34	0.47	0.19
8911	0.13	0.06	0.81
7639	0.6	0.22	0.18
1189	0.22	0.14	0.64
985	0.84	0.03	0.13
4260	0.26	0.2	0.54
5249	0.5	0.01	0.49
5067	0.82	0.05	0.13
2078	0.12	0.18	0.7
7009	0.04	0.07	0.89
3862	0.68	0.09	0.23
4459	0.16	0.04	0.8
12489	0.58	0.26	0.16
11058	0.04	0.76	0.2
7271	0.78	0.01	0.21
3188	0.41	0.09	0.5
5615	0.06	0.3	0.64
426	0.17	0.63	0.2
14167	0.78	0.14	0.08
9004	0.01	0.01	0.98
19	0.55	0.26	0.19
6708	0.59	0.15	0.26
9324	0.04	0.05	0.91
9736	0.26	0.21	0.53
13891	0.97	0.03	0.0
10629	0.59	0.12	0.29
1006	0.06	0.11	0.83
7936	0.06	0.05	0.89
2056	0.07	0.09	0.84
5667	0.02	0.12	0.86
4497	0.6	0.15	0.25
3639	0.7609999999999999	0.0	0.239
114	0.46	0.35	0.19
2903	0.59	0.065	0.345
14380	0.34	0.33	0.33
8472	0.14	0.0	0.86
10672	0.58	0.05	0.37
439	0.18	0.5633333333333334	0.25666666666666665
2596	0.72	0.2	0.08
4786	0.09	0.13	0.78
416	0.13	0.85	0.02
7864	0.29	0.19	0.52
12973	0.49	0.065	0.445
3773	0.32	0.28	0.4
11282	0.1	0.82	0.08
998	0.07	0.7842857142857141	0.1457142857142857
15218	0.3	0.2	0.5
14449	0.15	0.4025	0.4475
9954	0.47	0.23	0.3
2923	0.48	0.06	0.46
3255	0.32	0.2	0.48
7194	0.11	0.18	0.71
4270	0.09	0.04	0.87
5858	0.24	0.16	0.6
12050	0.14	0.65	0.21
11360	0.01	0.94	0.05
13675	0.94	0.06	0.0
6697	0.7	0.18	0.12
13344	0.2	0.59	0.21
8379	0.06	0.15	0.79
3460	0.13	0.03	0.84
7648	0.52	0.14	0.34
9414	0.05	0.19	0.76
8000	0.22	0.74	0.04
13343	0.09	0.78	0.13
14980	0.2	0.72	0.08
14716	0.4	0.05	0.55
2113	0.39	0.26	0.35
3293	0.13	0.17	0.7
9309	0.12	0.14	0.74
8984	0.09	0.04	0.87
6434	0.39	0.13	0.48
11562	0.2	0.255	0.545
10976	0.01	0.92	0.07
6683	0.57	0.23	0.2
633	0.19	0.7	0.11
5270	0.58	0.09	0.33
7363	0.11	0.17	0.72
6800	0.23	0.21	0.56
1053	0.06	0.14	0.8
12076	0.1	0.31666666666666665	0.5833333333333334
1211	0.24	0.25	0.51
2089	0.02	0.04	0.94
2806	0.14	0.19	0.67
11473	0.23	0.56	0.21
1694	0.87	0.09	0.04
1949	0.48	0.34	0.18
1635	0.91	0.06	0.03
8080	0.75	0.16	0.09
9823	0.35	0.34	0.31
5563	0.0	0.07	0.93
6732	0.52	0.32	0.16
1184	0.24	0.06	0.7
5882	0.02	0.02	0.96
4791	0.12	0.04	0.84
10999	0.03	0.68	0.29
12689	0.11	0.6983333333333333	0.19166666666666665
8200	0.29	0.07	0.64
13304	0.18	0.24916666666666665	0.5708333333333333
413	0.17	0.83	0.0
11710	0.17	0.72	0.11
4345	0.04	0.09	0.87
700	0.34	0.54	0.12
13300	0.5	0.11	0.39
2268	0.5	0.38	0.12
8873	0.01	0.18	0.81
4261	0.18	0.195	0.625
4951	0.38	0.13	0.49
11147	0.15	0.54	0.31
1474	0.19	0.62	0.19
6142	0.59	0.28	0.13
457	0.23	0.7	0.07
9848	0.36	0.22	0.42
759	0.26	0.69	0.05
427	0.34	0.54	0.12
11163	0.7	0.07	0.23
1079	0.2	0.13	0.67
3373	0.76	0.08	0.16
6488	0.38	0.15	0.47
4832	0.08	0.15	0.77
13742	0.56	0.34	0.1
6367	0.94	0.06	0.0
8890	0.12	0.06	0.82
2945	0.46	0.25	0.29
6962	0.51	0.18	0.31
7229	0.05	0.08	0.87
14826	0.95	0.02	0.03
1652	0.67	0.26	0.07
8489	0.56	0.26	0.18
12891	0.95	0.03	0.02
6273	0.81	0.09	0.1
14943	0.35	0.375	0.275
1922	0.15	0.06	0.79
7309	0.05	0.02	0.93
6402	0.14	0.08	0.78
526	0.13	0.78	0.09
6351	0.315	0.01	0.675
15054	0.22	0.1	0.68
13490	0.25	0.63	0.12
10490	0.66	0.18	0.16
12225	0.17	0.67	0.16
800	0.21	0.72	0.07
2822	0.3	0.2	0.5
970	0.4	0.14	0.46
4302	0.02	0.03	0.95
5958	0.44	0.35	0.21
11535	0.16	0.53	0.31
3299	0.45	0.22	0.33
8589	0.27	0.27	0.46
2659	0.58	0.16	0.26
7666	0.56	0.09	0.35
7987	0.11	0.18	0.71
13509	0.69	0.0575	0.2525
2305	0.33	0.3	0.37
3341	0.49	0.03	0.48
6159	0.48	0.44	0.08
9033	0.05	0.05	0.9
14304	0.62	0.195	0.185
6344	0.3	0.02	0.68
10150	0.35	0.3	0.35
127	0.7	0.22	0.08
15179	0.2	0.7	0.1
4531	0.28	0.59	0.13
10758	0.27	0.27	0.46
3831	0.82	0.03	0.15
2004	0.75	0.05	0.2
4941	0.36	0.38	0.26
10810	0.05	0.68	0.27
4962	0.25	0.1	0.65
3266	0.25	0.02	0.73
5631	0.06	0.13	0.81
3985	0.72	0.22	0.06
685	0.28	0.67	0.05
9237	0.04	0.04	0.92
3631	0.18	0.09	0.73
4272	0.01	0.07	0.92
4844	0.11	0.03	0.86
13030	0.74	0.16	0.1
10621	0.5	0.2	0.3
10045	0.73	0.19	0.08
12422	0.47	0.17666666666666664	0.3533333333333333
1883	0.2	0.01	0.79
3703	0.72	0.17	0.11
4850	0.07	0.22	0.71
3666	0.74	0.19	0.07
12631	0.07	0.69	0.24
3995	0.62	0.15	0.23
10656	0.57	0.07	0.36
12889	0.19	0.26916666666666667	0.5408333333333334
7362	0.24	0.18	0.58
9972	0.12	0.16	0.72
12569	0.73	0.2	0.07
11754	0.74	0.11	0.15
9891	0.59	0.16	0.25
4942	0.47	0.265	0.265
12335	0.53	0.37	0.1
11	0.21	0.72	0.07
5793	0.66	0.11	0.23
1620	0.72	0.19	0.09
2833	0.14	0.13	0.73
3987	0.58	0.25	0.17
2494	0.64	0.19	0.17
9370	0.05	0.17	0.78
8271	0.11	0.07	0.82
2538	0.8	0.13	0.07
8076	0.81	0.13	0.06
1862	0.21	0.15	0.64
10355	0.55	0.18	0.27
14123	0.3	0.4	0.3
13611	0.51	0.4	0.09
644	0.19	0.66	0.15
7620	0.97	0.01	0.02
3856	0.57	0.06	0.37
7191	0.07	0.07	0.86
9279	0.1	0.26	0.64
10187	0.23	0.14	0.63
2841	0.45	0.12	0.43
1562	0.58	0.37	0.05
7047	0.35	0.3	0.35
13342	0.23	0.66	0.11
6621	0.57	0.1	0.33
9137	0.06	0.24	0.7
11270	0.64	0.06	0.3
15012	0.33	0.42	0.25
10128	0.51	0.34	0.15
5964	0.62	0.28	0.1
11908	0.2	0.46	0.34
5746	0.16	0.08	0.76
9715	0.17	0.1	0.73
13637	0.75	0.045	0.205
9867	0.66	0.31	0.03
4925	0.64	0.11	0.25
5005	0.3	0.31	0.39
8492	0.54	0.16	0.3
14131	0.46	0.125	0.415
1604	0.83	0.1	0.07
9262	0.02	0.09	0.89
849	0.19	0.67	0.14
14934	0.29	0.67	0.04
11126	0.58	0.23	0.19
8521	0.59	0.04	0.37
4172	0.31	0.23	0.46
4314	0.19	0.21	0.6
260	0.56	0.29	0.15
3561	0.07	0.04	0.89
6728	0.82	0.16	0.02
6781	0.35	0.11	0.54
14656	0.63	0.3	0.07
9714	0.18	0.09	0.73
4246	0.05	0.22	0.73
8799	0.03	0.03	0.94
4878	0.1	0.03	0.87
12263	0.18	0.55	0.27
1539	0.72	0.15	0.13
11859	0.45	0.22	0.33
3353	0.4	0.06	0.54
3879	0.07	0.0	0.93
5179	0.69	0.15	0.16
12242	0.03	0.7555	0.2145
13599	0.78	0.17	0.05
5190	0.45	0.46	0.09
8079	0.72	0.2	0.08
14106	0.31	0.27	0.42
2444	0.52	0.27	0.21
12393	0.2	0.74	0.06
9186	0.04	0.11	0.85
9838	0.65	0.08	0.27
10681	0.21	0.44	0.35
856	0.37	0.45	0.18
3413	0.66	0.17	0.17
6608	0.62	0.02	0.36
7476	0.23	0.06	0.71
1389	0.09	0.16	0.75
13446	0.87	0.12	0.01
14337	0.31	0.29	0.4
1157	0.24	0.125	0.635
10532	0.78	0.14	0.08
4557	0.53	0.33	0.14
7902	0.73	0.18	0.09
6918	0.68	0.23	0.09
1009	0.25	0.25	0.5
2293	0.67	0.15	0.18
3183	0.58	0.14	0.28
6876	0.18	0.13	0.69
1831	0.48	0.24	0.28
7946	0.12	0.11	0.77
4354	0.07	0.03	0.9
14055	0.33	0.24416666666666667	0.4258333333333333
564	0.51	0.27	0.22
2887	0.53	0.18	0.29
9219	0.1	0.08	0.82
7232	0.03	0.14	0.83
250	0.48	0.36	0.16
9331	0.05	0.06	0.89
4993	0.25	0.08	0.67
7528	0.49	0.31	0.2
5787	0.16	0.1	0.74
1811	0.44	0.14	0.42
2163	0.24	0.19	0.57
12373	0.15	0.65	0.2
13724	0.35	0.38	0.27
14190	0.62	0.07	0.31
12065	0.35	0.29	0.36
658	0.19	0.67	0.14
1530	0.83	0.16	0.01
4052	0.55	0.18	0.27
7483	0.14	0.0	0.86
4744	0.09	0.13	0.78
11173	0.42	0.33	0.25
892	0.28	0.25	0.47
14501	0.71	0.16	0.13
1662	0.66	0.17	0.17
9979	0.14	0.07	0.79
5803	0.49	0.2	0.31
14298	0.06	0.8	0.14
7530	0.7	0.015	0.285
7431	0.85	0.07	0.08
9663	0.19	0.06	0.75
8875	0.08	0.09	0.83
9900	0.06	0.21	0.73
14932	0.33	0.42	0.25
4623	0.03	0.0	0.97
5461	0.02	0.05	0.93
9866	0.66	0.32	0.02
3405	0.71	0.12	0.17
4028	0.74	0.13	0.13
10535	0.05	0.04	0.91
9180	0.08	0.06	0.86
12742	0.29	0.32	0.39
14833	0.24	0.2675	0.4925
4733	0.05	0.06	0.89
5002	0.38	0.1	0.52
11914	0.13	0.78	0.09
1807	0.0	0.0	1.0
12630	0.63	0.31	0.06
3258	0.14	0.11	0.75
15253	0.23	0.46	0.31
6437	0.77	0.1	0.13
13114	0.55	0.26	0.19
7255	0.96	0.01	0.03
5021	0.08	0.02	0.9
2269	0.51	0.35	0.14
13480	0.01	0.37	0.62
3239	0.25	0.08	0.67
3568	0.2	0.2	0.6
6175	0.67	0.14	0.19
832	0.23	0.69	0.08
4259	0.44	0.16	0.4
14993	0.39	0.21	0.4
2727	0.37	0.42	0.21
12818	0.43	0.21	0.36
6272	0.47	0.26	0.27
12669	0.26	0.47	0.27
6213	0.74	0.17	0.09
2283	0.59	0.27	0.14
10784	0.0	0.56	0.44
12738	0.53	0.18	0.29
12349	0.59	0.31	0.1
758	0.18	0.75	0.07
726	0.25	0.66	0.09
15265	0.47	0.035	0.495
9703	0.35	0.24	0.41
9189	0.02	0.1	0.88
14914	0.81	0.13	0.06
13226	0.04	0.95	0.01
14808	0.32	0.61	0.07
12490	0.15	0.72	0.13
1068	0.21	0.04	0.75
2836	0.59	0.1	0.31
14504	0.61	0.14	0.25
7329	0.31	0.095	0.595
1376	0.24	0.13	0.63
8687	0.64	0.16	0.2
7668	0.63	0.04	0.33
9722	0.4	0.17	0.43
10904	0.04	0.59	0.37
1617	0.75	0.19	0.06
14361	0.62	0.18	0.2
9356	0.07	0.18	0.75
12812	0.17	0.64	0.19
1129	0.06	0.02	0.92
11961	0.6	0.19	0.21
14532	0.31	0.35	0.34
24	0.38	0.36	0.26
13162	0.58	0.27	0.15
2649	0.77	0.08	0.15
3382	0.79	0.13	0.08
14669	0.2	0.75	0.05
3558	0.04	0.08	0.88
12865	0.28	0.3875	0.3325
11541	0.19	0.75	0.06
248	0.49	0.43	0.08
7334	0.21	0.03	0.76
5459	0.01	0.17	0.82
11799	0.88	0.06	0.06
1733	0.55	0.1	0.35
10830	0.06	0.9	0.04
11721	0.35	0.3	0.35
1607	0.8	0.09	0.11
15066	0.11	0.1	0.79
3048	0.61	0.11	0.28
632	0.25	0.62	0.13
8581	0.51	0.12	0.37
12953	0.09	0.03	0.88
10958	0.15	0.42	0.43
13990	0.15	0.78	0.07
3888	0.0	0.11	0.89
6557	0.02	0.43	0.55
12783	0.55	0.06	0.39
8720	0.3	0.12	0.58
4727	0.035	0.04	0.925
11166	0.01	0.96	0.03
9433	0.16	0.2	0.64
8585	0.41	0.25	0.34
